0   0.00000000e+00   6.23537391e+00
10   9.25925926e-02   6.58853576e+00
20   1.85185185e-01   6.73984151e+00
30   2.77777778e-01   6.77800884e+00
40   3.70370370e-01   6.96256246e+00
50   4.62962963e-01   7.01468029e+00
60   5.55555556e-01   7.01121503e+00
70   6.48148148e-01   7.11276374e+00
80   7.40740741e-01   7.10492690e+00
90   8.33333333e-01   7.08544539e+00
100   9.25925926e-01   7.13359331e+00
110   1.01851852e+00   7.10973074e+00
120   1.11111111e+00   7.10517797e+00
130   1.20370370e+00   7.10888778e+00
140   1.29629630e+00   7.05010083e+00
150   1.38888889e+00   7.02952134e+00
160   1.48148148e+00   7.02074581e+00
170   1.57407407e+00   6.98111206e+00
180   1.66666667e+00   6.95776208e+00
190   1.75925926e+00   6.97139087e+00
200   1.85185185e+00   6.91743909e+00
210   1.94444444e+00   6.88718870e+00
220   2.03703704e+00   6.89370387e+00
230   2.12962963e+00   6.84821716e+00
240   2.22222222e+00   6.81547251e+00
250   2.31481481e+00   6.84792653e+00
260   2.40740741e+00   6.78284674e+00
270   2.50000000e+00   6.76245690e+00
280   2.59259259e+00   6.80711540e+00
290   2.68518519e+00   6.72583937e+00
300   2.77777778e+00   6.69756011e+00
310   2.87037037e+00   6.72638707e+00
320   2.96296296e+00   6.62029733e+00
330   3.05555556e+00   6.59823124e+00
340   3.14814815e+00   6.59821478e+00
350   3.24074074e+00   6.50727789e+00
360   3.33333333e+00   6.50679852e+00
370   3.42592593e+00   6.52082086e+00
380   3.51851852e+00   6.43016693e+00
390   3.61111111e+00   6.41757417e+00
400   3.70370370e+00   6.42456981e+00
410   3.79629630e+00   6.34138110e+00
420   3.88888889e+00   6.33251432e+00
430   3.98148148e+00   6.32941691e+00
440   4.07407407e+00   6.26750376e+00
450   4.16666667e+00   6.25052287e+00
460   4.25925926e+00   6.26443606e+00
470   4.35185185e+00   6.20571780e+00
480   4.44444444e+00   6.19758065e+00
490   4.53703704e+00   6.19648835e+00
500   4.62962963e+00   6.09901115e+00
510   4.72222222e+00   6.10062249e+00
520   4.81481481e+00   6.09223370e+00
530   4.90740741e+00   6.01654931e+00
540   5.00000000e+00   6.03799547e+00
550   5.09259259e+00   6.04833615e+00
560   5.18518519e+00   5.97995031e+00
570   5.27777778e+00   5.98840193e+00
580   5.37037037e+00   5.97638389e+00
590   5.46296296e+00   5.88839905e+00
600   5.55555556e+00   5.87551270e+00
610   5.64814815e+00   5.86605185e+00
620   5.74074074e+00   5.80413163e+00
630   5.83333333e+00   5.80183654e+00
640   5.92592593e+00   5.80683253e+00
650   6.01851852e+00   5.72546896e+00
660   6.11111111e+00   5.72692117e+00
670   6.20370370e+00   5.72869250e+00
680   6.29629630e+00   5.65080486e+00
690   6.38888889e+00   5.65917521e+00
700   6.48148148e+00   5.66621613e+00
710   6.57407407e+00   5.60548028e+00
720   6.66666667e+00   5.60576770e+00
730   6.75925926e+00   5.62346912e+00
740   6.85185185e+00   5.54986975e+00
750   6.94444444e+00   5.54249149e+00
760   7.03703704e+00   5.55928218e+00
770   7.12962963e+00   5.49624200e+00
780   7.22222222e+00   5.49213423e+00
790   7.31481481e+00   5.50283056e+00
800   7.40740741e+00   5.42955090e+00
810   7.50000000e+00   5.43663616e+00
820   7.59259259e+00   5.45902140e+00
830   7.68518519e+00   5.38672078e+00
840   7.77777778e+00   5.38802390e+00
850   7.87037037e+00   5.40888852e+00
860   7.96296296e+00   5.33947439e+00
870   8.05555556e+00   5.34317119e+00
880   8.14814815e+00   5.34808821e+00
890   8.24074074e+00   5.29539076e+00
900   8.33333333e+00   5.31335086e+00
910   8.42592593e+00   5.32358129e+00
920   8.51851852e+00   5.27238301e+00
930   8.61111111e+00   5.26672222e+00
940   8.70370370e+00   5.27893905e+00
950   8.79629630e+00   5.22767705e+00
960   8.88888889e+00   5.24412363e+00
970   8.98148148e+00   5.26159528e+00
980   9.07407407e+00   5.21088870e+00
990   9.16666667e+00   5.20585184e+00
1000   9.25925926e+00   5.21602378e+00
1010   9.35185185e+00   5.18043675e+00
1020   9.44444444e+00   5.18369421e+00
1030   9.53703704e+00   5.20247406e+00
1040   9.62962963e+00   5.16131627e+00
1050   9.72222222e+00   5.15286617e+00
1060   9.81481481e+00   5.15917476e+00
1070   9.90740741e+00   5.12200612e+00
1080   1.00000000e+01   5.13552410e+00
1090   1.00925926e+01   5.14218939e+00
1100   1.01851852e+01   5.09855127e+00
1110   1.02777778e+01   5.10177751e+00
1120   1.03703704e+01   5.10822164e+00
1130   1.04629630e+01   5.05900481e+00
1140   1.05555556e+01   5.06259024e+00
1150   1.06481481e+01   5.08066062e+00
1160   1.07407407e+01   5.04430732e+00
1170   1.08333333e+01   5.05184958e+00
1180   1.09259259e+01   5.07512817e+00
1190   1.10185185e+01   5.03977729e+00
1200   1.11111111e+01   5.03617467e+00
1210   1.12037037e+01   5.04145776e+00
1220   1.12962963e+01   5.01150238e+00
1230   1.13888889e+01   5.00716543e+00
1240   1.14814815e+01   5.02178377e+00
1250   1.15740741e+01   4.98550069e+00
1260   1.16666667e+01   4.99543737e+00
1270   1.17592593e+01   5.00691963e+00
1280   1.18518519e+01   4.96752382e+00
1290   1.19444444e+01   4.95682607e+00
1300   1.20370370e+01   4.97773651e+00
1310   1.21296296e+01   4.93932332e+00
1320   1.22222222e+01   4.93151830e+00
1330   1.23148148e+01   4.93194323e+00
1340   1.24074074e+01   4.89402360e+00
1350   1.25000000e+01   4.89604162e+00
1360   1.25925926e+01   4.89993319e+00
1370   1.26851852e+01   4.86525561e+00
1380   1.27777778e+01   4.87414298e+00
1390   1.28703704e+01   4.87554080e+00
1400   1.29629630e+01   4.84852792e+00
1410   1.30555556e+01   4.86145592e+00
1420   1.31481481e+01   4.87012146e+00
1430   1.32407407e+01   4.85596657e+00
1440   1.33333333e+01   4.85625575e+00
1450   1.34259259e+01   4.86134087e+00
1460   1.35185185e+01   4.83979243e+00
1470   1.36111111e+01   4.83460284e+00
1480   1.37037037e+01   4.83394861e+00
1490   1.37962963e+01   4.81071966e+00
1500   1.38888889e+01   4.81816859e+00
