0   0.00000000e+00   6.24186640e+00
10   9.25925926e-02   6.58461127e+00
20   1.85185185e-01   6.78678444e+00
30   2.77777778e-01   6.80367863e+00
40   3.70370370e-01   6.93321127e+00
50   4.62962963e-01   7.01988114e+00
60   5.55555556e-01   6.99029683e+00
70   6.48148148e-01   7.05857008e+00
80   7.40740741e-01   7.08684357e+00
90   8.33333333e-01   7.04185401e+00
100   9.25925926e-01   7.07382243e+00
110   1.01851852e+00   7.07381213e+00
120   1.11111111e+00   7.03393895e+00
130   1.20370370e+00   7.03554575e+00
140   1.29629630e+00   7.03680049e+00
150   1.38888889e+00   6.98803082e+00
160   1.48148148e+00   6.97300465e+00
170   1.57407407e+00   6.93722981e+00
180   1.66666667e+00   6.90313650e+00
190   1.75925926e+00   6.88243214e+00
200   1.85185185e+00   6.83453595e+00
210   1.94444444e+00   6.79981812e+00
220   2.03703704e+00   6.77436077e+00
230   2.12962963e+00   6.75119749e+00
240   2.22222222e+00   6.72131092e+00
250   2.31481481e+00   6.71157131e+00
260   2.40740741e+00   6.69423527e+00
270   2.50000000e+00   6.65892410e+00
280   2.59259259e+00   6.65024370e+00
290   2.68518519e+00   6.59992641e+00
300   2.77777778e+00   6.58168232e+00
310   2.87037037e+00   6.58057399e+00
320   2.96296296e+00   6.52651866e+00
330   3.05555556e+00   6.49118384e+00
340   3.14814815e+00   6.50162245e+00
350   3.24074074e+00   6.44149262e+00
360   3.33333333e+00   6.40686878e+00
370   3.42592593e+00   6.43553258e+00
380   3.51851852e+00   6.37836330e+00
390   3.61111111e+00   6.34933734e+00
400   3.70370370e+00   6.36327803e+00
410   3.79629630e+00   6.28697951e+00
420   3.88888889e+00   6.26929900e+00
430   3.98148148e+00   6.29489839e+00
440   4.07407407e+00   6.24766385e+00
450   4.16666667e+00   6.20793223e+00
460   4.25925926e+00   6.23096486e+00
470   4.35185185e+00   6.16371105e+00
480   4.44444444e+00   6.11899411e+00
490   4.53703704e+00   6.13933085e+00
500   4.62962963e+00   6.05793229e+00
510   4.72222222e+00   6.03517397e+00
520   4.81481481e+00   6.06892595e+00
530   4.90740741e+00   6.00922324e+00
540   5.00000000e+00   5.98819835e+00
550   5.09259259e+00   6.00115003e+00
560   5.18518519e+00   5.93834418e+00
570   5.27777778e+00   5.93324223e+00
580   5.37037037e+00   5.96323722e+00
590   5.46296296e+00   5.90858912e+00
600   5.55555556e+00   5.88707777e+00
610   5.64814815e+00   5.87961829e+00
620   5.74074074e+00   5.82030825e+00
630   5.83333333e+00   5.81318040e+00
640   5.92592593e+00   5.81486626e+00
650   6.01851852e+00   5.75953848e+00
660   6.11111111e+00   5.76176737e+00
670   6.20370370e+00   5.77164738e+00
680   6.29629630e+00   5.72410860e+00
690   6.38888889e+00   5.72920810e+00
700   6.48148148e+00   5.72549038e+00
710   6.57407407e+00   5.65759778e+00
720   6.66666667e+00   5.64038435e+00
730   6.75925926e+00   5.65713300e+00
740   6.85185185e+00   5.61135919e+00
750   6.94444444e+00   5.58253589e+00
760   7.03703704e+00   5.58614144e+00
770   7.12962963e+00   5.54698358e+00
780   7.22222222e+00   5.54017668e+00
790   7.31481481e+00   5.53818636e+00
800   7.40740741e+00   5.50097545e+00
810   7.50000000e+00   5.48761259e+00
820   7.59259259e+00   5.49585141e+00
830   7.68518519e+00   5.46060225e+00
840   7.77777778e+00   5.45848093e+00
850   7.87037037e+00   5.46605545e+00
860   7.96296296e+00   5.42432296e+00
870   8.05555556e+00   5.41962504e+00
880   8.14814815e+00   5.43045490e+00
890   8.24074074e+00   5.38910939e+00
900   8.33333333e+00   5.38592913e+00
910   8.42592593e+00   5.40210879e+00
920   8.51851852e+00   5.36787644e+00
930   8.61111111e+00   5.36767032e+00
940   8.70370370e+00   5.37615844e+00
950   8.79629630e+00   5.34948586e+00
960   8.88888889e+00   5.35443254e+00
970   8.98148148e+00   5.34964704e+00
980   9.07407407e+00   5.31153655e+00
990   9.16666667e+00   5.31189082e+00
1000   9.25925926e+00   5.31218466e+00
1010   9.35185185e+00   5.28536101e+00
1020   9.44444444e+00   5.29306225e+00
1030   9.53703704e+00   5.30195901e+00
1040   9.62962963e+00   5.27668815e+00
1050   9.72222222e+00   5.26900037e+00
1060   9.81481481e+00   5.28249584e+00
1070   9.90740741e+00   5.25702990e+00
1080   1.00000000e+01   5.25858807e+00
1090   1.00925926e+01   5.26993879e+00
1100   1.01851852e+01   5.24243533e+00
1110   1.02777778e+01   5.23037961e+00
1120   1.03703704e+01   5.24032202e+00
1130   1.04629630e+01   5.23374707e+00
1140   1.05555556e+01   5.22168981e+00
1150   1.06481481e+01   5.24086641e+00
1160   1.07407407e+01   5.21861342e+00
1170   1.08333333e+01   5.21156521e+00
1180   1.09259259e+01   5.22638438e+00
1190   1.10185185e+01   5.20820167e+00
1200   1.11111111e+01   5.20889604e+00
1210   1.12037037e+01   5.23050553e+00
1220   1.12962963e+01   5.20348975e+00
1230   1.13888889e+01   5.19732589e+00
1240   1.14814815e+01   5.22154540e+00
1250   1.15740741e+01   5.20162284e+00
1260   1.16666667e+01   5.20498094e+00
1270   1.17592593e+01   5.22517665e+00
1280   1.18518519e+01   5.21117147e+00
1290   1.19444444e+01   5.20136908e+00
1300   1.20370370e+01   5.21461271e+00
1310   1.21296296e+01   5.19939370e+00
1320   1.22222222e+01   5.20446187e+00
1330   1.23148148e+01   5.21138102e+00
1340   1.24074074e+01   5.19070084e+00
1350   1.25000000e+01   5.16585221e+00
1360   1.25925926e+01   5.18581447e+00
1370   1.26851852e+01   5.16938829e+00
1380   1.27777778e+01   5.15377526e+00
1390   1.28703704e+01   5.18116404e+00
1400   1.29629630e+01   5.16773832e+00
1410   1.30555556e+01   5.16047036e+00
1420   1.31481481e+01   5.18197881e+00
1430   1.32407407e+01   5.17266002e+00
1440   1.33333333e+01   5.15940934e+00
1450   1.34259259e+01   5.18662476e+00
1460   1.35185185e+01   5.18273938e+00
1470   1.36111111e+01   5.16826699e+00
1480   1.37037037e+01   5.19096741e+00
1490   1.37962963e+01   5.17555887e+00
1500   1.38888889e+01   5.17585019e+00
