0   0.00000000e+00   6.23832449e+00
10   9.25925926e-02   6.50387739e+00
20   1.85185185e-01   6.66428412e+00
30   2.77777778e-01   6.71410515e+00
40   3.70370370e-01   6.75537757e+00
50   4.62962963e-01   6.80401947e+00
60   5.55555556e-01   6.79962169e+00
70   6.48148148e-01   6.80315557e+00
80   7.40740741e-01   6.82210179e+00
90   8.33333333e-01   6.80180428e+00
100   9.25925926e-01   6.78666378e+00
110   1.01851852e+00   6.80666640e+00
120   1.11111111e+00   6.78633829e+00
130   1.20370370e+00   6.75051935e+00
140   1.29629630e+00   6.74277494e+00
150   1.38888889e+00   6.71499470e+00
160   1.48148148e+00   6.70565727e+00
170   1.57407407e+00   6.71018420e+00
180   1.66666667e+00   6.65860504e+00
190   1.75925926e+00   6.63542784e+00
200   1.85185185e+00   6.64918016e+00
210   1.94444444e+00   6.61188788e+00
220   2.03703704e+00   6.59596117e+00
230   2.12962963e+00   6.59825086e+00
240   2.22222222e+00   6.54192222e+00
250   2.31481481e+00   6.54806023e+00
260   2.40740741e+00   6.55386309e+00
270   2.50000000e+00   6.49467665e+00
280   2.59259259e+00   6.50207320e+00
290   2.68518519e+00   6.52436893e+00
300   2.77777778e+00   6.46142026e+00
310   2.87037037e+00   6.48134803e+00
320   2.96296296e+00   6.47432329e+00
330   3.05555556e+00   6.38208844e+00
340   3.14814815e+00   6.40349225e+00
350   3.24074074e+00   6.35526187e+00
360   3.33333333e+00   6.27037907e+00
370   3.42592593e+00   6.30079207e+00
380   3.51851852e+00   6.27400583e+00
390   3.61111111e+00   6.19402539e+00
400   3.70370370e+00   6.24382205e+00
410   3.79629630e+00   6.23517931e+00
420   3.88888889e+00   6.14111584e+00
430   3.98148148e+00   6.18988745e+00
440   4.07407407e+00   6.17475819e+00
450   4.16666667e+00   6.09044397e+00
460   4.25925926e+00   6.11759325e+00
470   4.35185185e+00   6.08159611e+00
480   4.44444444e+00   6.02583224e+00
490   4.53703704e+00   6.10112719e+00
500   4.62962963e+00   6.07773859e+00
510   4.72222222e+00   6.00099995e+00
520   4.81481481e+00   6.05530659e+00
530   4.90740741e+00   6.04310253e+00
540   5.00000000e+00   5.97918586e+00
550   5.09259259e+00   6.00985037e+00
560   5.18518519e+00   5.97190513e+00
570   5.27777778e+00   5.92265825e+00
580   5.37037037e+00   5.96561220e+00
590   5.46296296e+00   5.95214666e+00
600   5.55555556e+00   5.90334091e+00
610   5.64814815e+00   5.93533930e+00
620   5.74074074e+00   5.91756435e+00
630   5.83333333e+00   5.89115347e+00
640   5.92592593e+00   5.93622324e+00
650   6.01851852e+00   5.91137712e+00
660   6.11111111e+00   5.85121322e+00
670   6.20370370e+00   5.89671472e+00
680   6.29629630e+00   5.87463759e+00
690   6.38888889e+00   5.81790978e+00
700   6.48148148e+00   5.88122776e+00
710   6.57407407e+00   5.84325022e+00
720   6.66666667e+00   5.82211552e+00
730   6.75925926e+00   5.90087423e+00
740   6.85185185e+00   5.84284449e+00
750   6.94444444e+00   5.78799200e+00
760   7.03703704e+00   5.85062130e+00
770   7.12962963e+00   5.81186258e+00
780   7.22222222e+00   5.74851642e+00
790   7.31481481e+00   5.80342480e+00
800   7.40740741e+00   5.76388104e+00
810   7.50000000e+00   5.72815850e+00
820   7.59259259e+00   5.79747458e+00
830   7.68518519e+00   5.76302082e+00
840   7.77777778e+00   5.74772758e+00
850   7.87037037e+00   5.81479708e+00
860   7.96296296e+00   5.76169338e+00
870   8.05555556e+00   5.71559135e+00
880   8.14814815e+00   5.74006115e+00
890   8.24074074e+00   5.68847872e+00
900   8.33333333e+00   5.66572248e+00
910   8.42592593e+00   5.69959783e+00
920   8.51851852e+00   5.65467788e+00
930   8.61111111e+00   5.62391592e+00
940   8.70370370e+00   5.67158536e+00
950   8.79629630e+00   5.64513615e+00
960   8.88888889e+00   5.60061849e+00
970   8.98148148e+00   5.64614261e+00
980   9.07407407e+00   5.60256106e+00
990   9.16666667e+00   5.57962688e+00
1000   9.25925926e+00   5.63796937e+00
1010   9.35185185e+00   5.59515619e+00
1020   9.44444444e+00   5.57208018e+00
1030   9.53703704e+00   5.62577703e+00
1040   9.62962963e+00   5.58804861e+00
1050   9.72222222e+00   5.55212283e+00
1060   9.81481481e+00   5.58786626e+00
1070   9.90740741e+00   5.54408614e+00
1080   1.00000000e+01   5.51816129e+00
1090   1.00925926e+01   5.57843953e+00
1100   1.01851852e+01   5.56614999e+00
1110   1.02777778e+01   5.53058433e+00
1120   1.03703704e+01   5.57797974e+00
1130   1.04629630e+01   5.55227222e+00
1140   1.05555556e+01   5.53342877e+00
1150   1.06481481e+01   5.57002740e+00
1160   1.07407407e+01   5.54263347e+00
1170   1.08333333e+01   5.51307695e+00
1180   1.09259259e+01   5.56602631e+00
1190   1.10185185e+01   5.54095726e+00
1200   1.11111111e+01   5.51974615e+00
1210   1.12037037e+01   5.57806260e+00
1220   1.12962963e+01   5.57766648e+00
1230   1.13888889e+01   5.56123564e+00
1240   1.14814815e+01   5.63778349e+00
1250   1.15740741e+01   5.62594811e+00
1260   1.16666667e+01   5.59333565e+00
1270   1.17592593e+01   5.62645855e+00
1280   1.18518519e+01   5.58983704e+00
1290   1.19444444e+01   5.55982726e+00
1300   1.20370370e+01   5.60879747e+00
1310   1.21296296e+01   5.59165759e+00
1320   1.22222222e+01   5.57088440e+00
1330   1.23148148e+01   5.63492706e+00
1340   1.24074074e+01   5.62070472e+00
1350   1.25000000e+01   5.59733876e+00
1360   1.25925926e+01   5.65987930e+00
1370   1.26851852e+01   5.63870764e+00
1380   1.27777778e+01   5.59879451e+00
1390   1.28703704e+01   5.63898366e+00
1400   1.29629630e+01   5.60846779e+00
1410   1.30555556e+01   5.58427164e+00
1420   1.31481481e+01   5.62494924e+00
1430   1.32407407e+01   5.58867154e+00
1440   1.33333333e+01   5.54981792e+00
1450   1.34259259e+01   5.57360863e+00
1460   1.35185185e+01   5.55496053e+00
1470   1.36111111e+01   5.52699092e+00
1480   1.37037037e+01   5.56382330e+00
1490   1.37962963e+01   5.55264899e+00
1500   1.38888889e+01   5.52580691e+00
