0   0.00000000e+00   6.23684348e+00
10   9.25925926e-02   6.35979845e+00
20   1.85185185e-01   6.47402190e+00
30   2.77777778e-01   6.52534905e+00
40   3.70370370e-01   6.56596185e+00
50   4.62962963e-01   6.62235633e+00
60   5.55555556e-01   6.65405752e+00
70   6.48148148e-01   6.68733262e+00
80   7.40740741e-01   6.72977469e+00
90   8.33333333e-01   6.75436668e+00
100   9.25925926e-01   6.77324610e+00
110   1.01851852e+00   6.79036862e+00
120   1.11111111e+00   6.80477639e+00
130   1.20370370e+00   6.80119258e+00
140   1.29629630e+00   6.81521204e+00
150   1.38888889e+00   6.81968345e+00
160   1.48148148e+00   6.80768935e+00
170   1.57407407e+00   6.82314006e+00
180   1.66666667e+00   6.81435521e+00
190   1.75925926e+00   6.80312593e+00
200   1.85185185e+00   6.81392980e+00
210   1.94444444e+00   6.80745829e+00
220   2.03703704e+00   6.80960708e+00
230   2.12962963e+00   6.80570797e+00
240   2.22222222e+00   6.79452050e+00
250   2.31481481e+00   6.78356522e+00
260   2.40740741e+00   6.77706775e+00
270   2.50000000e+00   6.76849488e+00
280   2.59259259e+00   6.75126194e+00
290   2.68518519e+00   6.74827116e+00
300   2.77777778e+00   6.74154071e+00
310   2.87037037e+00   6.73611289e+00
320   2.96296296e+00   6.73772552e+00
330   3.05555556e+00   6.71407497e+00
340   3.14814815e+00   6.70074016e+00
350   3.24074074e+00   6.70055665e+00
360   3.33333333e+00   6.68963605e+00
370   3.42592593e+00   6.68143890e+00
380   3.51851852e+00   6.67993228e+00
390   3.61111111e+00   6.67604046e+00
400   3.70370370e+00   6.65838673e+00
410   3.79629630e+00   6.64028441e+00
420   3.88888889e+00   6.62471945e+00
430   3.98148148e+00   6.60520706e+00
440   4.07407407e+00   6.59546111e+00
450   4.16666667e+00   6.57521072e+00
460   4.25925926e+00   6.56252775e+00
470   4.35185185e+00   6.55984371e+00
480   4.44444444e+00   6.54095256e+00
490   4.53703704e+00   6.54224847e+00
500   4.62962963e+00   6.54162871e+00
510   4.72222222e+00   6.51856872e+00
520   4.81481481e+00   6.51018377e+00
530   4.90740741e+00   6.50370672e+00
540   5.00000000e+00   6.49036170e+00
550   5.09259259e+00   6.48805257e+00
560   5.18518519e+00   6.46678732e+00
570   5.27777778e+00   6.44986001e+00
580   5.37037037e+00   6.44479745e+00
590   5.46296296e+00   6.43002927e+00
600   5.55555556e+00   6.41341842e+00
610   5.64814815e+00   6.41835892e+00
620   5.74074074e+00   6.40750557e+00
630   5.83333333e+00   6.38166750e+00
640   5.92592593e+00   6.40229673e+00
650   6.01851852e+00   6.38993327e+00
660   6.11111111e+00   6.36948629e+00
670   6.20370370e+00   6.37650305e+00
680   6.29629630e+00   6.36132892e+00
690   6.38888889e+00   6.35357547e+00
700   6.48148148e+00   6.35747081e+00
710   6.57407407e+00   6.33352307e+00
720   6.66666667e+00   6.30916120e+00
730   6.75925926e+00   6.32945764e+00
740   6.85185185e+00   6.31510918e+00
750   6.94444444e+00   6.28456300e+00
760   7.03703704e+00   6.30141439e+00
770   7.12962963e+00   6.28180093e+00
780   7.22222222e+00   6.25229310e+00
790   7.31481481e+00   6.27198648e+00
800   7.40740741e+00   6.24905192e+00
810   7.50000000e+00   6.20976216e+00
820   7.59259259e+00   6.23088833e+00
830   7.68518519e+00   6.20953880e+00
840   7.77777778e+00   6.18640658e+00
850   7.87037037e+00   6.20438737e+00
860   7.96296296e+00   6.18475840e+00
870   8.05555556e+00   6.15591007e+00
880   8.14814815e+00   6.18679965e+00
890   8.24074074e+00   6.15384671e+00
900   8.33333333e+00   6.15110029e+00
910   8.42592593e+00   6.18524971e+00
920   8.51851852e+00   6.15596582e+00
930   8.61111111e+00   6.13250411e+00
940   8.70370370e+00   6.15586490e+00
950   8.79629630e+00   6.13781355e+00
960   8.88888889e+00   6.12280918e+00
970   8.98148148e+00   6.14986528e+00
980   9.07407407e+00   6.13077961e+00
990   9.16666667e+00   6.10168506e+00
1000   9.25925926e+00   6.13101124e+00
1010   9.35185185e+00   6.10840871e+00
1020   9.44444444e+00   6.09298244e+00
1030   9.53703704e+00   6.13225686e+00
1040   9.62962963e+00   6.11308738e+00
1050   9.72222222e+00   6.10622140e+00
1060   9.81481481e+00   6.12945049e+00
1070   9.90740741e+00   6.10071860e+00
1080   1.00000000e+01   6.09805321e+00
1090   1.00925926e+01   6.13074612e+00
1100   1.01851852e+01   6.11828847e+00
1110   1.02777778e+01   6.10706682e+00
1120   1.03703704e+01   6.13751382e+00
1130   1.04629630e+01   6.11800831e+00
1140   1.05555556e+01   6.11067448e+00
1150   1.06481481e+01   6.15086785e+00
1160   1.07407407e+01   6.13819426e+00
1170   1.08333333e+01   6.13785962e+00
1180   1.09259259e+01   6.15223267e+00
1190   1.10185185e+01   6.13159250e+00
1200   1.11111111e+01   6.12598828e+00
1210   1.12037037e+01   6.15968775e+00
1220   1.12962963e+01   6.15276387e+00
1230   1.13888889e+01   6.14604701e+00
1240   1.14814815e+01   6.18187446e+00
1250   1.15740741e+01   6.15356811e+00
1260   1.16666667e+01   6.14418413e+00
1270   1.17592593e+01   6.19434751e+00
1280   1.18518519e+01   6.18423213e+00
1290   1.19444444e+01   6.18300175e+00
1300   1.20370370e+01   6.23033514e+00
1310   1.21296296e+01   6.21000558e+00
1320   1.22222222e+01   6.19644485e+00
1330   1.23148148e+01   6.22819091e+00
1340   1.24074074e+01   6.21283345e+00
1350   1.25000000e+01   6.20984965e+00
1360   1.25925926e+01   6.24815177e+00
1370   1.26851852e+01   6.24041512e+00
1380   1.27777778e+01   6.23610521e+00
1390   1.28703704e+01   6.27947300e+00
1400   1.29629630e+01   6.26762812e+00
1410   1.30555556e+01   6.26191288e+00
1420   1.31481481e+01   6.28630163e+00
1430   1.32407407e+01   6.28417817e+00
1440   1.33333333e+01   6.26174042e+00
1450   1.34259259e+01   6.30189682e+00
1460   1.35185185e+01   6.27917103e+00
1470   1.36111111e+01   6.24022164e+00
1480   1.37037037e+01   6.27871887e+00
1490   1.37962963e+01   6.27186178e+00
1500   1.38888889e+01   6.25123337e+00
