0   0.00000000e+00   6.24280493e+00
10   9.25925926e-02   6.81963427e+00
20   1.85185185e-01   7.02345543e+00
30   2.77777778e-01   6.99914647e+00
40   3.70370370e-01   7.12339976e+00
50   4.62962963e-01   7.08782801e+00
60   5.55555556e-01   6.97541950e+00
70   6.48148148e-01   7.00378419e+00
80   7.40740741e-01   6.94586263e+00
90   8.33333333e-01   6.83851925e+00
100   9.25925926e-01   6.82936724e+00
110   1.01851852e+00   6.73785400e+00
120   1.11111111e+00   6.62965971e+00
130   1.20370370e+00   6.63632515e+00
140   1.29629630e+00   6.53567947e+00
150   1.38888889e+00   6.40216498e+00
160   1.48148148e+00   6.40531002e+00
170   1.57407407e+00   6.30145272e+00
180   1.66666667e+00   6.19402987e+00
190   1.75925926e+00   6.22211207e+00
200   1.85185185e+00   6.11388183e+00
210   1.94444444e+00   6.00812232e+00
220   2.03703704e+00   6.04277960e+00
230   2.12962963e+00   5.95330327e+00
240   2.22222222e+00   5.82690733e+00
250   2.31481481e+00   5.85026540e+00
260   2.40740741e+00   5.74491023e+00
270   2.50000000e+00   5.66306206e+00
280   2.59259259e+00   5.69881342e+00
290   2.68518519e+00   5.61406175e+00
300   2.77777778e+00   5.50473555e+00
310   2.87037037e+00   5.52922233e+00
320   2.96296296e+00   5.41994971e+00
330   3.05555556e+00   5.32130732e+00
340   3.14814815e+00   5.36938026e+00
350   3.24074074e+00   5.25714332e+00
360   3.33333333e+00   5.16256073e+00
370   3.42592593e+00   5.17986680e+00
380   3.51851852e+00   5.09171903e+00
390   3.61111111e+00   4.99925404e+00
400   3.70370370e+00   5.02408718e+00
410   3.79629630e+00   4.95752776e+00
420   3.88888889e+00   4.89013330e+00
430   3.98148148e+00   4.90701018e+00
440   4.07407407e+00   4.85335440e+00
450   4.16666667e+00   4.82049992e+00
460   4.25925926e+00   4.87007596e+00
470   4.35185185e+00   4.79906995e+00
480   4.44444444e+00   4.75395249e+00
490   4.53703704e+00   4.79186122e+00
500   4.62962963e+00   4.72387511e+00
510   4.72222222e+00   4.67993707e+00
520   4.81481481e+00   4.74161132e+00
530   4.90740741e+00   4.67771684e+00
540   5.00000000e+00   4.64812410e+00
550   5.09259259e+00   4.68559997e+00
560   5.18518519e+00   4.61026911e+00
570   5.27777778e+00   4.58445630e+00
580   5.37037037e+00   4.64138997e+00
590   5.46296296e+00   4.58845668e+00
600   5.55555556e+00   4.55040633e+00
610   5.64814815e+00   4.55970189e+00
620   5.74074074e+00   4.48890095e+00
630   5.83333333e+00   4.47747760e+00
640   5.92592593e+00   4.51595862e+00
650   6.01851852e+00   4.45948090e+00
660   6.11111111e+00   4.44419883e+00
670   6.20370370e+00   4.46872476e+00
680   6.29629630e+00   4.41889630e+00
690   6.38888889e+00   4.40544960e+00
700   6.48148148e+00   4.43177393e+00
710   6.57407407e+00   4.36774462e+00
720   6.66666667e+00   4.33998469e+00
730   6.75925926e+00   4.36962815e+00
740   6.85185185e+00   4.31715511e+00
750   6.94444444e+00   4.31017792e+00
760   7.03703704e+00   4.35358021e+00
770   7.12962963e+00   4.30947135e+00
780   7.22222222e+00   4.30473510e+00
790   7.31481481e+00   4.35369822e+00
800   7.40740741e+00   4.31573176e+00
810   7.50000000e+00   4.30923473e+00
820   7.59259259e+00   4.32570208e+00
830   7.68518519e+00   4.27769956e+00
840   7.77777778e+00   4.27905651e+00
850   7.87037037e+00   4.32274448e+00
860   7.96296296e+00   4.27114665e+00
870   8.05555556e+00   4.25555462e+00
880   8.14814815e+00   4.28769504e+00
890   8.24074074e+00   4.23177402e+00
900   8.33333333e+00   4.23819979e+00
910   8.42592593e+00   4.26887475e+00
920   8.51851852e+00   4.22606152e+00
930   8.61111111e+00   4.21944674e+00
940   8.70370370e+00   4.24482327e+00
950   8.79629630e+00   4.19904451e+00
960   8.88888889e+00   4.19812489e+00
970   8.98148148e+00   4.24025179e+00
980   9.07407407e+00   4.19627518e+00
990   9.16666667e+00   4.18221104e+00
1000   9.25925926e+00   4.20249630e+00
1010   9.35185185e+00   4.16970343e+00
1020   9.44444444e+00   4.16425814e+00
1030   9.53703704e+00   4.20221717e+00
1040   9.62962963e+00   4.16819608e+00
1050   9.72222222e+00   4.15954740e+00
1060   9.81481481e+00   4.20499045e+00
1070   9.90740741e+00   4.16133018e+00
1080   1.00000000e+01   4.14029410e+00
1090   1.00925926e+01   4.18801290e+00
1100   1.01851852e+01   4.15393758e+00
1110   1.02777778e+01   4.13095950e+00
1120   1.03703704e+01   4.18317398e+00
1130   1.04629630e+01   4.15463395e+00
1140   1.05555556e+01   4.14160964e+00
1150   1.06481481e+01   4.17880758e+00
1160   1.07407407e+01   4.13696323e+00
1170   1.08333333e+01   4.13097138e+00
1180   1.09259259e+01   4.17049781e+00
1190   1.10185185e+01   4.14551792e+00
1200   1.11111111e+01   4.13910785e+00
1210   1.12037037e+01   4.18413407e+00
1220   1.12962963e+01   4.15538791e+00
1230   1.13888889e+01   4.14474727e+00
1240   1.14814815e+01   4.19580694e+00
1250   1.15740741e+01   4.17227199e+00
1260   1.16666667e+01   4.14769585e+00
1270   1.17592593e+01   4.17908379e+00
1280   1.18518519e+01   4.14857149e+00
1290   1.19444444e+01   4.12907692e+00
1300   1.20370370e+01   4.17607249e+00
1310   1.21296296e+01   4.14775203e+00
1320   1.22222222e+01   4.14067825e+00
1330   1.23148148e+01   4.16991129e+00
1340   1.24074074e+01   4.13065397e+00
1350   1.25000000e+01   4.12153000e+00
1360   1.25925926e+01   4.15551048e+00
1370   1.26851852e+01   4.12464134e+00
1380   1.27777778e+01   4.11314710e+00
1390   1.28703704e+01   4.13671247e+00
1400   1.29629630e+01   4.10723750e+00
1410   1.30555556e+01   4.09955863e+00
1420   1.31481481e+01   4.12409279e+00
1430   1.32407407e+01   4.10479810e+00
1440   1.33333333e+01   4.10013562e+00
1450   1.34259259e+01   4.12070482e+00
1460   1.35185185e+01   4.10087859e+00
1470   1.36111111e+01   4.08605746e+00
1480   1.37037037e+01   4.11013076e+00
1490   1.37962963e+01   4.08405087e+00
1500   1.38888889e+01   4.07766165e+00
