0   0.00000000e+00   6.24027788e+00
10   9.25925926e-02   6.39943966e+00
20   1.85185185e-01   6.54851384e+00
30   2.77777778e-01   6.55879568e+00
40   3.70370370e-01   6.65587667e+00
50   4.62962963e-01   6.74603928e+00
60   5.55555556e-01   6.74564874e+00
70   6.48148148e-01   6.81869442e+00
80   7.40740741e-01   6.87921206e+00
90   8.33333333e-01   6.87733269e+00
100   9.25925926e-01   6.91987158e+00
110   1.01851852e+00   6.95435082e+00
120   1.11111111e+00   6.96500377e+00
130   1.20370370e+00   6.99147340e+00
140   1.29629630e+00   7.01368477e+00
150   1.38888889e+00   7.01223691e+00
160   1.48148148e+00   7.00549754e+00
170   1.57407407e+00   7.02665042e+00
180   1.66666667e+00   7.00980348e+00
190   1.75925926e+00   6.99283273e+00
200   1.85185185e+00   7.01090836e+00
210   1.94444444e+00   7.00507211e+00
220   2.03703704e+00   6.99377032e+00
230   2.12962963e+00   6.99971759e+00
240   2.22222222e+00   6.99110270e+00
250   2.31481481e+00   6.97229210e+00
260   2.40740741e+00   6.98349276e+00
270   2.50000000e+00   6.97328270e+00
280   2.59259259e+00   6.96900988e+00
290   2.68518519e+00   6.96972830e+00
300   2.77777778e+00   6.95106581e+00
310   2.87037037e+00   6.94446893e+00
320   2.96296296e+00   6.94614314e+00
330   3.05555556e+00   6.92911121e+00
340   3.14814815e+00   6.92071564e+00
350   3.24074074e+00   6.91224022e+00
360   3.33333333e+00   6.89898307e+00
370   3.42592593e+00   6.88757927e+00
380   3.51851852e+00   6.89384609e+00
390   3.61111111e+00   6.88042208e+00
400   3.70370370e+00   6.86556402e+00
410   3.79629630e+00   6.86457538e+00
420   3.88888889e+00   6.83800053e+00
430   3.98148148e+00   6.83893744e+00
440   4.07407407e+00   6.82927786e+00
450   4.16666667e+00   6.81785264e+00
460   4.25925926e+00   6.80724071e+00
470   4.35185185e+00   6.80860755e+00
480   4.44444444e+00   6.78182564e+00
490   4.53703704e+00   6.77283736e+00
500   4.62962963e+00   6.74726482e+00
510   4.72222222e+00   6.73250439e+00
520   4.81481481e+00   6.71959689e+00
530   4.90740741e+00   6.70207572e+00
540   5.00000000e+00   6.68345604e+00
550   5.09259259e+00   6.68003509e+00
560   5.18518519e+00   6.66446270e+00
570   5.27777778e+00   6.64975807e+00
580   5.37037037e+00   6.63739149e+00
590   5.46296296e+00   6.62378960e+00
600   5.55555556e+00   6.60961611e+00
610   5.64814815e+00   6.60418314e+00
620   5.74074074e+00   6.59401158e+00
630   5.83333333e+00   6.57478308e+00
640   5.92592593e+00   6.57667401e+00
650   6.01851852e+00   6.56304820e+00
660   6.11111111e+00   6.55909514e+00
670   6.20370370e+00   6.57019404e+00
680   6.29629630e+00   6.56714564e+00
690   6.38888889e+00   6.55528010e+00
700   6.48148148e+00   6.55138663e+00
710   6.57407407e+00   6.53842873e+00
720   6.66666667e+00   6.53343397e+00
730   6.75925926e+00   6.54145404e+00
740   6.85185185e+00   6.52387242e+00
750   6.94444444e+00   6.50406025e+00
760   7.03703704e+00   6.49613945e+00
770   7.12962963e+00   6.47379606e+00
780   7.22222222e+00   6.46797264e+00
790   7.31481481e+00   6.46958784e+00
800   7.40740741e+00   6.46733033e+00
810   7.50000000e+00   6.44951782e+00
820   7.59259259e+00   6.44914865e+00
830   7.68518519e+00   6.43022733e+00
840   7.77777778e+00   6.42466577e+00
850   7.87037037e+00   6.42236648e+00
860   7.96296296e+00   6.40547449e+00
870   8.05555556e+00   6.39132129e+00
880   8.14814815e+00   6.38901491e+00
890   8.24074074e+00   6.37633319e+00
900   8.33333333e+00   6.36303585e+00
910   8.42592593e+00   6.36682876e+00
920   8.51851852e+00   6.34431415e+00
930   8.61111111e+00   6.34355130e+00
940   8.70370370e+00   6.34699769e+00
950   8.79629630e+00   6.32690260e+00
960   8.88888889e+00   6.32050470e+00
970   8.98148148e+00   6.33060277e+00
980   9.07407407e+00   6.31870660e+00
990   9.16666667e+00   6.32322500e+00
1000   9.25925926e+00   6.31050229e+00
1010   9.35185185e+00   6.29525990e+00
1020   9.44444444e+00   6.29933771e+00
1030   9.53703704e+00   6.30063145e+00
1040   9.62962963e+00   6.29140171e+00
1050   9.72222222e+00   6.28187016e+00
1060   9.81481481e+00   6.28279729e+00
1070   9.90740741e+00   6.27005162e+00
1080   1.00000000e+01   6.26414420e+00
1090   1.00925926e+01   6.26975668e+00
1100   1.01851852e+01   6.25449913e+00
1110   1.02777778e+01   6.25569828e+00
1120   1.03703704e+01   6.26107250e+00
1130   1.04629630e+01   6.25258306e+00
1140   1.05555556e+01   6.24431445e+00
1150   1.06481481e+01   6.25611268e+00
1160   1.07407407e+01   6.23937213e+00
1170   1.08333333e+01   6.23407770e+00
1180   1.09259259e+01   6.24045496e+00
1190   1.10185185e+01   6.21248843e+00
1200   1.11111111e+01   6.21126205e+00
1210   1.12037037e+01   6.22109946e+00
1220   1.12962963e+01   6.20764991e+00
1230   1.13888889e+01   6.20133712e+00
1240   1.14814815e+01   6.20662239e+00
1250   1.15740741e+01   6.19068919e+00
1260   1.16666667e+01   6.18351493e+00
1270   1.17592593e+01   6.18198024e+00
1280   1.18518519e+01   6.15990913e+00
1290   1.19444444e+01   6.14753221e+00
1300   1.20370370e+01   6.15098451e+00
1310   1.21296296e+01   6.14204060e+00
1320   1.22222222e+01   6.13349904e+00
1330   1.23148148e+01   6.13887803e+00
1340   1.24074074e+01   6.11498910e+00
1350   1.25000000e+01   6.10984848e+00
1360   1.25925926e+01   6.11606581e+00
1370   1.26851852e+01   6.10806911e+00
1380   1.27777778e+01   6.11313611e+00
1390   1.28703704e+01   6.12552050e+00
1400   1.29629630e+01   6.11596576e+00
1410   1.30555556e+01   6.11577172e+00
1420   1.31481481e+01   6.12250329e+00
1430   1.32407407e+01   6.11178293e+00
1440   1.33333333e+01   6.11962048e+00
1450   1.34259259e+01   6.14194691e+00
1460   1.35185185e+01   6.13661176e+00
1470   1.36111111e+01   6.13796720e+00
1480   1.37037037e+01   6.13773499e+00
1490   1.37962963e+01   6.12766362e+00
1500   1.38888889e+01   6.12698579e+00
