0   0.00000000e+00   6.23507891e+00
10   9.25925926e-02   6.39270506e+00
20   1.85185185e-01   6.47047812e+00
30   2.77777778e-01   6.50968436e+00
40   3.70370370e-01   6.56818447e+00
50   4.62962963e-01   6.58774593e+00
60   5.55555556e-01   6.61138179e+00
70   6.48148148e-01   6.65337199e+00
80   7.40740741e-01   6.66294397e+00
90   8.33333333e-01   6.67476411e+00
100   9.25925926e-01   6.68392353e+00
110   1.01851852e+00   6.65722658e+00
120   1.11111111e+00   6.66505629e+00
130   1.20370370e+00   6.67176016e+00
140   1.29629630e+00   6.64905305e+00
150   1.38888889e+00   6.64051766e+00
160   1.48148148e+00   6.62606966e+00
170   1.57407407e+00   6.60550155e+00
180   1.66666667e+00   6.61067966e+00
190   1.75925926e+00   6.58454392e+00
200   1.85185185e+00   6.56095485e+00
210   1.94444444e+00   6.55907171e+00
220   2.03703704e+00   6.53289832e+00
230   2.12962963e+00   6.50238323e+00
240   2.22222222e+00   6.49852137e+00
250   2.31481481e+00   6.46513559e+00
260   2.40740741e+00   6.43456451e+00
270   2.50000000e+00   6.43404916e+00
280   2.59259259e+00   6.39962000e+00
290   2.68518519e+00   6.37559439e+00
300   2.77777778e+00   6.36592390e+00
310   2.87037037e+00   6.34257929e+00
320   2.96296296e+00   6.31501578e+00
330   3.05555556e+00   6.30918587e+00
340   3.14814815e+00   6.28920589e+00
350   3.24074074e+00   6.26032406e+00
360   3.33333333e+00   6.25846989e+00
370   3.42592593e+00   6.23885438e+00
380   3.51851852e+00   6.20939839e+00
390   3.61111111e+00   6.20242527e+00
400   3.70370370e+00   6.18082020e+00
410   3.79629630e+00   6.14451661e+00
420   3.88888889e+00   6.14953721e+00
430   3.98148148e+00   6.12957401e+00
440   4.07407407e+00   6.10256299e+00
450   4.16666667e+00   6.11613388e+00
460   4.25925926e+00   6.09968187e+00
470   4.35185185e+00   6.08292793e+00
480   4.44444444e+00   6.09076329e+00
490   4.53703704e+00   6.07727269e+00
500   4.62962963e+00   6.05796349e+00
510   4.72222222e+00   6.05810826e+00
520   4.81481481e+00   6.03351639e+00
530   4.90740741e+00   6.00651359e+00
540   5.00000000e+00   6.02106978e+00
550   5.09259259e+00   6.00172037e+00
560   5.18518519e+00   5.97198673e+00
570   5.27777778e+00   5.96573664e+00
580   5.37037037e+00   5.94665539e+00
590   5.46296296e+00   5.93376997e+00
600   5.55555556e+00   5.93919915e+00
610   5.64814815e+00   5.91735544e+00
620   5.74074074e+00   5.90227123e+00
630   5.83333333e+00   5.89535758e+00
640   5.92592593e+00   5.88426713e+00
650   6.01851852e+00   5.85460820e+00
660   6.11111111e+00   5.85271706e+00
670   6.20370370e+00   5.83856260e+00
680   6.29629630e+00   5.81356965e+00
690   6.38888889e+00   5.81203182e+00
700   6.48148148e+00   5.78834629e+00
710   6.57407407e+00   5.77313902e+00
720   6.66666667e+00   5.78123610e+00
730   6.75925926e+00   5.75494072e+00
740   6.85185185e+00   5.73774091e+00
750   6.94444444e+00   5.74139808e+00
760   7.03703704e+00   5.72579642e+00
770   7.12962963e+00   5.71324395e+00
780   7.22222222e+00   5.71259982e+00
790   7.31481481e+00   5.69308274e+00
800   7.40740741e+00   5.67946992e+00
810   7.50000000e+00   5.67367895e+00
820   7.59259259e+00   5.67352462e+00
830   7.68518519e+00   5.66165683e+00
840   7.77777778e+00   5.65851861e+00
850   7.87037037e+00   5.64274848e+00
860   7.96296296e+00   5.62062761e+00
870   8.05555556e+00   5.62633405e+00
880   8.14814815e+00   5.62459366e+00
890   8.24074074e+00   5.62052823e+00
900   8.33333333e+00   5.63166080e+00
910   8.42592593e+00   5.61758109e+00
920   8.51851852e+00   5.59691357e+00
930   8.61111111e+00   5.59076417e+00
940   8.70370370e+00   5.56943778e+00
950   8.79629630e+00   5.55765282e+00
960   8.88888889e+00   5.56315864e+00
970   8.98148148e+00   5.56161579e+00
980   9.07407407e+00   5.55488430e+00
990   9.16666667e+00   5.55498662e+00
1000   9.25925926e+00   5.55763325e+00
1010   9.35185185e+00   5.54720666e+00
1020   9.44444444e+00   5.54925538e+00
1030   9.53703704e+00   5.54117968e+00
1040   9.62962963e+00   5.53240701e+00
1050   9.72222222e+00   5.53912512e+00
1060   9.81481481e+00   5.54777482e+00
1070   9.90740741e+00   5.54252623e+00
1080   1.00000000e+01   5.54561671e+00
1090   1.00925926e+01   5.52646536e+00
1100   1.01851852e+01   5.52499340e+00
1110   1.02777778e+01   5.51891521e+00
1120   1.03703704e+01   5.51724950e+00
1130   1.04629630e+01   5.50969977e+00
1140   1.05555556e+01   5.51041172e+00
1150   1.06481481e+01   5.50901583e+00
1160   1.07407407e+01   5.49745778e+00
1170   1.08333333e+01   5.50618206e+00
1180   1.09259259e+01   5.50903202e+00
1190   1.10185185e+01   5.49711648e+00
1200   1.11111111e+01   5.49600956e+00
1210   1.12037037e+01   5.49240451e+00
1220   1.12962963e+01   5.48368636e+00
1230   1.13888889e+01   5.48702995e+00
1240   1.14814815e+01   5.50094212e+00
1250   1.15740741e+01   5.49499697e+00
1260   1.16666667e+01   5.49443639e+00
1270   1.17592593e+01   5.48999732e+00
1280   1.18518519e+01   5.47386979e+00
1290   1.19444444e+01   5.47456315e+00
1300   1.20370370e+01   5.46475365e+00
1310   1.21296296e+01   5.45982312e+00
1320   1.22222222e+01   5.46425912e+00
1330   1.23148148e+01   5.45902675e+00
1340   1.24074074e+01   5.45096456e+00
1350   1.25000000e+01   5.44735311e+00
1360   1.25925926e+01   5.43720632e+00
1370   1.26851852e+01   5.43181381e+00
1380   1.27777778e+01   5.43779827e+00
1390   1.28703704e+01   5.43396014e+00
1400   1.29629630e+01   5.42379200e+00
1410   1.30555556e+01   5.42815854e+00
1420   1.31481481e+01   5.42174366e+00
1430   1.32407407e+01   5.41604327e+00
1440   1.33333333e+01   5.42352707e+00
1450   1.34259259e+01   5.41437918e+00
1460   1.35185185e+01   5.40507702e+00
1470   1.36111111e+01   5.40145877e+00
1480   1.37037037e+01   5.40482434e+00
1490   1.37962963e+01   5.39514724e+00
1500   1.38888889e+01   5.39836599e+00
