0   0.00000000e+00   6.23653527e+00
10   9.25925926e-02   6.70613848e+00
20   1.85185185e-01   6.82116789e+00
30   2.77777778e-01   6.85703831e+00
40   3.70370370e-01   6.87081239e+00
50   4.62962963e-01   6.79881170e+00
60   5.55555556e-01   6.75806521e+00
70   6.48148148e-01   6.74893231e+00
80   7.40740741e-01   6.65764611e+00
90   8.33333333e-01   6.58740034e+00
100   9.25925926e-01   6.53373750e+00
110   1.01851852e+00   6.42347715e+00
120   1.11111111e+00   6.35673496e+00
130   1.20370370e+00   6.28574259e+00
140   1.29629630e+00   6.15383567e+00
150   1.38888889e+00   6.05021987e+00
160   1.48148148e+00   5.99601927e+00
170   1.57407407e+00   5.88781079e+00
180   1.66666667e+00   5.81326451e+00
190   1.75925926e+00   5.77539395e+00
200   1.85185185e+00   5.61180265e+00
210   1.94444444e+00   5.52075433e+00
220   2.03703704e+00   5.47699777e+00
230   2.12962963e+00   5.33154509e+00
240   2.22222222e+00   5.27168102e+00
250   2.31481481e+00   5.23665549e+00
260   2.40740741e+00   5.13757623e+00
270   2.50000000e+00   5.07630297e+00
280   2.59259259e+00   5.04308900e+00
290   2.68518519e+00   4.90441003e+00
300   2.77777778e+00   4.86410961e+00
310   2.87037037e+00   4.85320872e+00
320   2.96296296e+00   4.74230314e+00
330   3.05555556e+00   4.68235339e+00
340   3.14814815e+00   4.67449158e+00
350   3.24074074e+00   4.57582882e+00
360   3.33333333e+00   4.53962666e+00
370   3.42592593e+00   4.50740932e+00
380   3.51851852e+00   4.41822503e+00
390   3.61111111e+00   4.38127044e+00
400   3.70370370e+00   4.37720209e+00
410   3.79629630e+00   4.29334516e+00
420   3.88888889e+00   4.25015660e+00
430   3.98148148e+00   4.26684683e+00
440   4.07407407e+00   4.19854154e+00
450   4.16666667e+00   4.15594464e+00
460   4.25925926e+00   4.17302336e+00
470   4.35185185e+00   4.10999346e+00
480   4.44444444e+00   4.06821435e+00
490   4.53703704e+00   4.06964727e+00
500   4.62962963e+00   4.02137801e+00
510   4.72222222e+00   3.99277067e+00
520   4.81481481e+00   4.00235125e+00
530   4.90740741e+00   3.94471015e+00
540   5.00000000e+00   3.92483208e+00
550   5.09259259e+00   3.94595852e+00
560   5.18518519e+00   3.90616213e+00
570   5.27777778e+00   3.87285923e+00
580   5.37037037e+00   3.88637227e+00
590   5.46296296e+00   3.84252185e+00
600   5.55555556e+00   3.81475052e+00
610   5.64814815e+00   3.81969437e+00
620   5.74074074e+00   3.78448041e+00
630   5.83333333e+00   3.75694745e+00
640   5.92592593e+00   3.77452664e+00
650   6.01851852e+00   3.73970539e+00
660   6.11111111e+00   3.72157818e+00
670   6.20370370e+00   3.73356236e+00
680   6.29629630e+00   3.71013813e+00
690   6.38888889e+00   3.69245661e+00
700   6.48148148e+00   3.71039078e+00
710   6.57407407e+00   3.68279161e+00
720   6.66666667e+00   3.66505760e+00
730   6.75925926e+00   3.68287533e+00
740   6.85185185e+00   3.65287141e+00
750   6.94444444e+00   3.64281879e+00
760   7.03703704e+00   3.65014959e+00
770   7.12962963e+00   3.61179559e+00
780   7.22222222e+00   3.59219903e+00
790   7.31481481e+00   3.60945349e+00
800   7.40740741e+00   3.57929873e+00
810   7.50000000e+00   3.56527465e+00
820   7.59259259e+00   3.56934038e+00
830   7.68518519e+00   3.53332029e+00
840   7.77777778e+00   3.52417292e+00
850   7.87037037e+00   3.54228801e+00
860   7.96296296e+00   3.53473936e+00
870   8.05555556e+00   3.52159782e+00
880   8.14814815e+00   3.53705078e+00
890   8.24074074e+00   3.51540402e+00
900   8.33333333e+00   3.49153562e+00
910   8.42592593e+00   3.50550973e+00
920   8.51851852e+00   3.48862684e+00
930   8.61111111e+00   3.48703178e+00
940   8.70370370e+00   3.51824510e+00
950   8.79629630e+00   3.51604217e+00
960   8.88888889e+00   3.50600737e+00
970   8.98148148e+00   3.51660158e+00
980   9.07407407e+00   3.50386447e+00
990   9.16666667e+00   3.47686721e+00
1000   9.25925926e+00   3.49031779e+00
1010   9.35185185e+00   3.47135142e+00
1020   9.44444444e+00   3.44433204e+00
1030   9.53703704e+00   3.45906657e+00
1040   9.62962963e+00   3.44218532e+00
1050   9.72222222e+00   3.42621988e+00
1060   9.81481481e+00   3.45169876e+00
1070   9.90740741e+00   3.43466812e+00
1080   1.00000000e+01   3.41587123e+00
1090   1.00925926e+01   3.44322895e+00
1100   1.01851852e+01   3.42975909e+00
1110   1.02777778e+01   3.41296862e+00
1120   1.03703704e+01   3.43064293e+00
1130   1.04629630e+01   3.41313834e+00
1140   1.05555556e+01   3.39091007e+00
1150   1.06481481e+01   3.41382445e+00
1160   1.07407407e+01   3.40450316e+00
1170   1.08333333e+01   3.38686630e+00
1180   1.09259259e+01   3.41006872e+00
1190   1.10185185e+01   3.39813747e+00
1200   1.11111111e+01   3.37744308e+00
1210   1.12037037e+01   3.39725814e+00
1220   1.12962963e+01   3.38010976e+00
1230   1.13888889e+01   3.36771705e+00
1240   1.14814815e+01   3.38973496e+00
1250   1.15740741e+01   3.37929451e+00
1260   1.16666667e+01   3.36127597e+00
1270   1.17592593e+01   3.39208476e+00
1280   1.18518519e+01   3.37601298e+00
1290   1.19444444e+01   3.35783655e+00
1300   1.20370370e+01   3.38163265e+00
1310   1.21296296e+01   3.37241683e+00
1320   1.22222222e+01   3.36444214e+00
1330   1.23148148e+01   3.38762795e+00
1340   1.24074074e+01   3.37343299e+00
1350   1.25000000e+01   3.35308868e+00
1360   1.25925926e+01   3.38424658e+00
1370   1.26851852e+01   3.36890460e+00
1380   1.27777778e+01   3.34936656e+00
1390   1.28703704e+01   3.36767897e+00
1400   1.29629630e+01   3.35359623e+00
1410   1.30555556e+01   3.33532192e+00
1420   1.31481481e+01   3.35257322e+00
1430   1.32407407e+01   3.34778621e+00
1440   1.33333333e+01   3.33356913e+00
1450   1.34259259e+01   3.35645926e+00
1460   1.35185185e+01   3.34374841e+00
1470   1.36111111e+01   3.31785484e+00
1480   1.37037037e+01   3.34105388e+00
1490   1.37962963e+01   3.33652492e+00
1500   1.38888889e+01   3.31938851e+00
