0   0.00000000e+00   6.23625365e+00
10   9.25925926e-02   6.61961702e+00
20   1.85185185e-01   6.74039015e+00
30   2.77777778e-01   6.73586231e+00
40   3.70370370e-01   6.89327410e+00
50   4.62962963e-01   6.89854077e+00
60   5.55555556e-01   6.83930187e+00
70   6.48148148e-01   6.98695249e+00
80   7.40740741e-01   6.97977321e+00
90   8.33333333e-01   6.92114560e+00
100   9.25925926e-01   7.01683697e+00
110   1.01851852e+00   6.95920211e+00
120   1.11111111e+00   6.89086338e+00
130   1.20370370e+00   6.95973344e+00
140   1.29629630e+00   6.87853885e+00
150   1.38888889e+00   6.80262555e+00
160   1.48148148e+00   6.85514587e+00
170   1.57407407e+00   6.77890601e+00
180   1.66666667e+00   6.69873926e+00
190   1.75925926e+00   6.74467348e+00
200   1.85185185e+00   6.64454633e+00
210   1.94444444e+00   6.58387912e+00
220   2.03703704e+00   6.61962069e+00
230   2.12962963e+00   6.53387655e+00
240   2.22222222e+00   6.46403590e+00
250   2.31481481e+00   6.48283690e+00
260   2.40740741e+00   6.42071832e+00
270   2.50000000e+00   6.37602044e+00
280   2.59259259e+00   6.41609791e+00
290   2.68518519e+00   6.32742951e+00
300   2.77777778e+00   6.26779630e+00
310   2.87037037e+00   6.29454918e+00
320   2.96296296e+00   6.22568903e+00
330   3.05555556e+00   6.18629477e+00
340   3.14814815e+00   6.20203349e+00
350   3.24074074e+00   6.13107843e+00
360   3.33333333e+00   6.09300481e+00
370   3.42592593e+00   6.14782071e+00
380   3.51851852e+00   6.09246465e+00
390   3.61111111e+00   6.05756444e+00
400   3.70370370e+00   6.09921666e+00
410   3.79629630e+00   6.01998549e+00
420   3.88888889e+00   5.96584479e+00
430   3.98148148e+00   5.98383191e+00
440   4.07407407e+00   5.92921715e+00
450   4.16666667e+00   5.89286105e+00
460   4.25925926e+00   5.90402500e+00
470   4.35185185e+00   5.84688887e+00
480   4.44444444e+00   5.80908012e+00
490   4.53703704e+00   5.84130712e+00
500   4.62962963e+00   5.81448259e+00
510   4.72222222e+00   5.78692143e+00
520   4.81481481e+00   5.82866246e+00
530   4.90740741e+00   5.79730201e+00
540   5.00000000e+00   5.75423384e+00
550   5.09259259e+00   5.76703099e+00
560   5.18518519e+00   5.69976486e+00
570   5.27777778e+00   5.66967091e+00
580   5.37037037e+00   5.70779948e+00
590   5.46296296e+00   5.67027871e+00
600   5.55555556e+00   5.65292948e+00
610   5.64814815e+00   5.65809167e+00
620   5.74074074e+00   5.61741718e+00
630   5.83333333e+00   5.60913391e+00
640   5.92592593e+00   5.62801129e+00
650   6.01851852e+00   5.59658738e+00
660   6.11111111e+00   5.58088597e+00
670   6.20370370e+00   5.60331135e+00
680   6.29629630e+00   5.54602334e+00
690   6.38888889e+00   5.51381764e+00
700   6.48148148e+00   5.54366050e+00
710   6.57407407e+00   5.49867467e+00
720   6.66666667e+00   5.48383742e+00
730   6.75925926e+00   5.49298410e+00
740   6.85185185e+00   5.44425661e+00
750   6.94444444e+00   5.41846525e+00
760   7.03703704e+00   5.42717810e+00
770   7.12962963e+00   5.39480129e+00
780   7.22222222e+00   5.38102143e+00
790   7.31481481e+00   5.39986959e+00
800   7.40740741e+00   5.36084921e+00
810   7.50000000e+00   5.33817745e+00
820   7.59259259e+00   5.36647167e+00
830   7.68518519e+00   5.33103562e+00
840   7.77777778e+00   5.30914007e+00
850   7.87037037e+00   5.31594641e+00
860   7.96296296e+00   5.26614372e+00
870   8.05555556e+00   5.23920229e+00
880   8.14814815e+00   5.24097105e+00
890   8.24074074e+00   5.19916827e+00
900   8.33333333e+00   5.18648984e+00
910   8.42592593e+00   5.20034982e+00
920   8.51851852e+00   5.15003923e+00
930   8.61111111e+00   5.13809889e+00
940   8.70370370e+00   5.13477912e+00
950   8.79629630e+00   5.10332285e+00
960   8.88888889e+00   5.09419319e+00
970   8.98148148e+00   5.10383246e+00
980   9.07407407e+00   5.08029045e+00
990   9.16666667e+00   5.07992961e+00
1000   9.25925926e+00   5.06811839e+00
1010   9.35185185e+00   5.03888203e+00
1020   9.44444444e+00   5.03323236e+00
1030   9.53703704e+00   5.04945520e+00
1040   9.62962963e+00   5.02962528e+00
1050   9.72222222e+00   5.00542547e+00
1060   9.81481481e+00   5.01143595e+00
1070   9.90740741e+00   4.98554960e+00
1080   1.00000000e+01   4.97283695e+00
1090   1.00925926e+01   4.96588986e+00
1100   1.01851852e+01   4.95902177e+00
1110   1.02777778e+01   4.95438174e+00
1120   1.03703704e+01   4.96294331e+00
1130   1.04629630e+01   4.94252522e+00
1140   1.05555556e+01   4.93565142e+00
1150   1.06481481e+01   4.94367261e+00
1160   1.07407407e+01   4.92810829e+00
1170   1.08333333e+01   4.92119721e+00
1180   1.09259259e+01   4.92732341e+00
1190   1.10185185e+01   4.91608835e+00
1200   1.11111111e+01   4.90236975e+00
1210   1.12037037e+01   4.91273511e+00
1220   1.12962963e+01   4.90014512e+00
1230   1.13888889e+01   4.89191286e+00
1240   1.14814815e+01   4.89684831e+00
1250   1.15740741e+01   4.88673428e+00
1260   1.16666667e+01   4.87915297e+00
1270   1.17592593e+01   4.87983442e+00
1280   1.18518519e+01   4.87279228e+00
1290   1.19444444e+01   4.85089460e+00
1300   1.20370370e+01   4.85860864e+00
1310   1.21296296e+01   4.85496837e+00
1320   1.22222222e+01   4.85023124e+00
1330   1.23148148e+01   4.85789439e+00
1340   1.24074074e+01   4.84814789e+00
1350   1.25000000e+01   4.83585867e+00
1360   1.25925926e+01   4.84215943e+00
1370   1.26851852e+01   4.82415399e+00
1380   1.27777778e+01   4.81443306e+00
1390   1.28703704e+01   4.82104190e+00
1400   1.29629630e+01   4.80513300e+00
1410   1.30555556e+01   4.80322912e+00
1420   1.31481481e+01   4.80656522e+00
1430   1.32407407e+01   4.79518836e+00
1440   1.33333333e+01   4.77725922e+00
1450   1.34259259e+01   4.77383948e+00
1460   1.35185185e+01   4.75030495e+00
1470   1.36111111e+01   4.73011983e+00
1480   1.37037037e+01   4.74415838e+00
1490   1.37962963e+01   4.73081074e+00
1500   1.38888889e+01   4.72483436e+00
