0   0.00000000e+00   6.23322694e+00
10   9.25925926e-02   6.73174658e+00
20   1.85185185e-01   6.88651759e+00
30   2.77777778e-01   6.88861591e+00
40   3.70370370e-01   6.96458851e+00
50   4.62962963e-01   6.93609410e+00
60   5.55555556e-01   6.86879600e+00
70   6.48148148e-01   6.87559116e+00
80   7.40740741e-01   6.82782354e+00
90   8.33333333e-01   6.76765136e+00
100   9.25925926e-01   6.75663621e+00
110   1.01851852e+00   6.67134946e+00
120   1.11111111e+00   6.60097177e+00
130   1.20370370e+00   6.57389926e+00
140   1.29629630e+00   6.48750544e+00
150   1.38888889e+00   6.41308222e+00
160   1.48148148e+00   6.37696107e+00
170   1.57407407e+00   6.25858806e+00
180   1.66666667e+00   6.19182817e+00
190   1.75925926e+00   6.16144951e+00
200   1.85185185e+00   6.07989043e+00
210   1.94444444e+00   6.03098568e+00
220   2.03703704e+00   5.98153032e+00
230   2.12962963e+00   5.89699760e+00
240   2.22222222e+00   5.86994757e+00
250   2.31481481e+00   5.83526294e+00
260   2.40740741e+00   5.71996850e+00
270   2.50000000e+00   5.65616532e+00
280   2.59259259e+00   5.63368790e+00
290   2.68518519e+00   5.52334587e+00
300   2.77777778e+00   5.47086182e+00
310   2.87037037e+00   5.45561465e+00
320   2.96296296e+00   5.36106979e+00
330   3.05555556e+00   5.29218972e+00
340   3.14814815e+00   5.27634591e+00
350   3.24074074e+00   5.17592611e+00
360   3.33333333e+00   5.13465212e+00
370   3.42592593e+00   5.13334737e+00
380   3.51851852e+00   5.01780714e+00
390   3.61111111e+00   4.98477270e+00
400   3.70370370e+00   4.98959633e+00
410   3.79629630e+00   4.87183722e+00
420   3.88888889e+00   4.84573681e+00
430   3.98148148e+00   4.84173625e+00
440   4.07407407e+00   4.74569920e+00
450   4.16666667e+00   4.72910979e+00
460   4.25925926e+00   4.74449869e+00
470   4.35185185e+00   4.66675946e+00
480   4.44444444e+00   4.64137841e+00
490   4.53703704e+00   4.64149638e+00
500   4.62962963e+00   4.54370525e+00
510   4.72222222e+00   4.51152462e+00
520   4.81481481e+00   4.53116017e+00
530   4.90740741e+00   4.44846438e+00
540   5.00000000e+00   4.43763764e+00
550   5.09259259e+00   4.46735649e+00
560   5.18518519e+00   4.39946574e+00
570   5.27777778e+00   4.39295330e+00
580   5.37037037e+00   4.43107139e+00
590   5.46296296e+00   4.35572497e+00
600   5.55555556e+00   4.36732647e+00
610   5.64814815e+00   4.38255122e+00
620   5.74074074e+00   4.30491221e+00
630   5.83333333e+00   4.31761208e+00
640   5.92592593e+00   4.33373417e+00
650   6.01851852e+00   4.26742512e+00
660   6.11111111e+00   4.27717986e+00
670   6.20370370e+00   4.30690965e+00
680   6.29629630e+00   4.27034600e+00
690   6.38888889e+00   4.27672325e+00
700   6.48148148e+00   4.30620703e+00
710   6.57407407e+00   4.25542391e+00
720   6.66666667e+00   4.24228710e+00
730   6.75925926e+00   4.27706591e+00
740   6.85185185e+00   4.22983412e+00
750   6.94444444e+00   4.22001510e+00
760   7.03703704e+00   4.25802015e+00
770   7.12962963e+00   4.20794681e+00
780   7.22222222e+00   4.20693580e+00
790   7.31481481e+00   4.24346134e+00
800   7.40740741e+00   4.19525236e+00
810   7.50000000e+00   4.19346218e+00
820   7.59259259e+00   4.22516108e+00
830   7.68518519e+00   4.18494944e+00
840   7.77777778e+00   4.16968323e+00
850   7.87037037e+00   4.19245489e+00
860   7.96296296e+00   4.15711676e+00
870   8.05555556e+00   4.15177855e+00
880   8.14814815e+00   4.17765429e+00
890   8.24074074e+00   4.13114275e+00
900   8.33333333e+00   4.13011989e+00
910   8.42592593e+00   4.16456993e+00
920   8.51851852e+00   4.13738308e+00
930   8.61111111e+00   4.13223789e+00
940   8.70370370e+00   4.16842400e+00
950   8.79629630e+00   4.13518303e+00
960   8.88888889e+00   4.12120009e+00
970   8.98148148e+00   4.14109198e+00
980   9.07407407e+00   4.10350319e+00
990   9.16666667e+00   4.10065394e+00
1000   9.25925926e+00   4.12858340e+00
1010   9.35185185e+00   4.09401145e+00
1020   9.44444444e+00   4.09204092e+00
1030   9.53703704e+00   4.12038767e+00
1040   9.62962963e+00   4.07769297e+00
1050   9.72222222e+00   4.08035680e+00
1060   9.81481481e+00   4.10060248e+00
1070   9.90740741e+00   4.06600946e+00
1080   1.00000000e+01   4.06160343e+00
1090   1.00925926e+01   4.08229096e+00
1100   1.01851852e+01   4.04941964e+00
1110   1.02777778e+01   4.04607820e+00
1120   1.03703704e+01   4.05931738e+00
1130   1.04629630e+01   4.03931150e+00
1140   1.05555556e+01   4.03456505e+00
1150   1.06481481e+01   4.05499174e+00
1160   1.07407407e+01   4.02972040e+00
1170   1.08333333e+01   4.02335447e+00
1180   1.09259259e+01   4.04548663e+00
1190   1.10185185e+01   4.02064759e+00
1200   1.11111111e+01   4.02954019e+00
1210   1.12037037e+01   4.04467451e+00
1220   1.12962963e+01   4.02559357e+00
1230   1.13888889e+01   4.02830282e+00
1240   1.14814815e+01   4.04044196e+00
1250   1.15740741e+01   4.01591804e+00
1260   1.16666667e+01   4.01892524e+00
1270   1.17592593e+01   4.03195532e+00
1280   1.18518519e+01   4.01592050e+00
1290   1.19444444e+01   4.01340747e+00
1300   1.20370370e+01   4.03845625e+00
1310   1.21296296e+01   4.02520057e+00
1320   1.22222222e+01   4.02802050e+00
1330   1.23148148e+01   4.05658321e+00
1340   1.24074074e+01   4.04220228e+00
1350   1.25000000e+01   4.03764525e+00
1360   1.25925926e+01   4.06394763e+00
1370   1.26851852e+01   4.04340602e+00
1380   1.27777778e+01   4.04111079e+00
1390   1.28703704e+01   4.06004473e+00
1400   1.29629630e+01   4.04204314e+00
1410   1.30555556e+01   4.03421705e+00
1420   1.31481481e+01   4.05738955e+00
1430   1.32407407e+01   4.03416877e+00
1440   1.33333333e+01   4.03179777e+00
1450   1.34259259e+01   4.05444826e+00
1460   1.35185185e+01   4.03652765e+00
1470   1.36111111e+01   4.03220705e+00
1480   1.37037037e+01   4.06272433e+00
1490   1.37962963e+01   4.04691687e+00
1500   1.38888889e+01   4.03521749e+00
