0   0.00000000e+00   6.23510507e+00
10   9.25925926e-02   6.49437333e+00
20   1.85185185e-01   6.56573658e+00
30   2.77777778e-01   6.59016471e+00
40   3.70370370e-01   6.75809508e+00
50   4.62962963e-01   6.76181205e+00
60   5.55555556e-01   6.77339348e+00
70   6.48148148e-01   6.92197789e+00
80   7.40740741e-01   6.90644514e+00
90   8.33333333e-01   6.91794911e+00
100   9.25925926e-01   7.05660654e+00
110   1.01851852e+00   7.03327081e+00
120   1.11111111e+00   7.03566519e+00
130   1.20370370e+00   7.14304440e+00
140   1.29629630e+00   7.11850292e+00
150   1.38888889e+00   7.11184575e+00
160   1.48148148e+00   7.20604195e+00
170   1.57407407e+00   7.20433826e+00
180   1.66666667e+00   7.17106016e+00
190   1.75925926e+00   7.28858996e+00
200   1.85185185e+00   7.27616060e+00
210   1.94444444e+00   7.23034141e+00
220   2.03703704e+00   7.32956017e+00
230   2.12962963e+00   7.31301698e+00
240   2.22222222e+00   7.26567138e+00
250   2.31481481e+00   7.36647967e+00
260   2.40740741e+00   7.33736621e+00
270   2.50000000e+00   7.30345434e+00
280   2.59259259e+00   7.39709205e+00
290   2.68518519e+00   7.37377314e+00
300   2.77777778e+00   7.32038165e+00
310   2.87037037e+00   7.39841042e+00
320   2.96296296e+00   7.36924257e+00
330   3.05555556e+00   7.33756796e+00
340   3.14814815e+00   7.41934826e+00
350   3.24074074e+00   7.38204756e+00
360   3.33333333e+00   7.35734423e+00
370   3.42592593e+00   7.41863305e+00
380   3.51851852e+00   7.37823026e+00
390   3.61111111e+00   7.36510297e+00
400   3.70370370e+00   7.42918255e+00
410   3.79629630e+00   7.38977011e+00
420   3.88888889e+00   7.36309038e+00
430   3.98148148e+00   7.44365674e+00
440   4.07407407e+00   7.39894495e+00
450   4.16666667e+00   7.37417908e+00
460   4.25925926e+00   7.45019642e+00
470   4.35185185e+00   7.40166178e+00
480   4.44444444e+00   7.36188685e+00
490   4.53703704e+00   7.43924724e+00
500   4.62962963e+00   7.40247959e+00
510   4.72222222e+00   7.38676221e+00
520   4.81481481e+00   7.46356843e+00
530   4.90740741e+00   7.40299813e+00
540   5.00000000e+00   7.37636828e+00
550   5.09259259e+00   7.44328898e+00
560   5.18518519e+00   7.38640336e+00
570   5.27777778e+00   7.37796368e+00
580   5.37037037e+00   7.43661904e+00
590   5.46296296e+00   7.38699739e+00
600   5.55555556e+00   7.35941396e+00
610   5.64814815e+00   7.41975352e+00
620   5.74074074e+00   7.37555229e+00
630   5.83333333e+00   7.34683128e+00
640   5.92592593e+00   7.41344721e+00
650   6.01851852e+00   7.37022039e+00
660   6.11111111e+00   7.35752184e+00
670   6.20370370e+00   7.41610995e+00
680   6.29629630e+00   7.36876764e+00
690   6.38888889e+00   7.34421312e+00
700   6.48148148e+00   7.39489176e+00
710   6.57407407e+00   7.35967539e+00
720   6.66666667e+00   7.34908115e+00
730   6.75925926e+00   7.39693945e+00
740   6.85185185e+00   7.34901852e+00
750   6.94444444e+00   7.32925162e+00
760   7.03703704e+00   7.37042725e+00
770   7.12962963e+00   7.32798252e+00
780   7.22222222e+00   7.32760403e+00
790   7.31481481e+00   7.37770897e+00
800   7.40740741e+00   7.31577523e+00
810   7.50000000e+00   7.29053507e+00
820   7.59259259e+00   7.32855470e+00
830   7.68518519e+00   7.29046954e+00
840   7.77777778e+00   7.29341928e+00
850   7.87037037e+00   7.34798008e+00
860   7.96296296e+00   7.31589230e+00
870   8.05555556e+00   7.29276450e+00
880   8.14814815e+00   7.33490876e+00
890   8.24074074e+00   7.30566996e+00
900   8.33333333e+00   7.28750095e+00
910   8.42592593e+00   7.32117303e+00
920   8.51851852e+00   7.28191202e+00
930   8.61111111e+00   7.25283869e+00
940   8.70370370e+00   7.30879488e+00
950   8.79629630e+00   7.27087356e+00
960   8.88888889e+00   7.24019325e+00
970   8.98148148e+00   7.28028354e+00
980   9.07407407e+00   7.24387318e+00
990   9.16666667e+00   7.23044311e+00
1000   9.25925926e+00   7.27273354e+00
1010   9.35185185e+00   7.22732584e+00
1020   9.44444444e+00   7.18347120e+00
1030   9.53703704e+00   7.22263440e+00
1040   9.62962963e+00   7.18437057e+00
1050   9.72222222e+00   7.17582515e+00
1060   9.81481481e+00   7.23201813e+00
1070   9.90740741e+00   7.19178728e+00
1080   1.00000000e+01   7.17184720e+00
1090   1.00925926e+01   7.21594664e+00
1100   1.01851852e+01   7.17595737e+00
1110   1.02777778e+01   7.15752477e+00
1120   1.03703704e+01   7.20116104e+00
1130   1.04629630e+01   7.16079034e+00
1140   1.05555556e+01   7.14558597e+00
1150   1.06481481e+01   7.18047949e+00
1160   1.07407407e+01   7.15742014e+00
1170   1.08333333e+01   7.13053275e+00
1180   1.09259259e+01   7.15792670e+00
1190   1.10185185e+01   7.13948735e+00
1200   1.11111111e+01   7.12053873e+00
1210   1.12037037e+01   7.15013637e+00
1220   1.12962963e+01   7.12172355e+00
1230   1.13888889e+01   7.09374519e+00
1240   1.14814815e+01   7.12769491e+00
1250   1.15740741e+01   7.10676637e+00
1260   1.16666667e+01   7.08798220e+00
1270   1.17592593e+01   7.12656430e+00
1280   1.18518519e+01   7.08697636e+00
1290   1.19444444e+01   7.06099305e+00
1300   1.20370370e+01   7.11094672e+00
1310   1.21296296e+01   7.08743940e+00
1320   1.22222222e+01   7.05923099e+00
1330   1.23148148e+01   7.11084391e+00
1340   1.24074074e+01   7.07988163e+00
1350   1.25000000e+01   7.06127236e+00
1360   1.25925926e+01   7.10825158e+00
1370   1.26851852e+01   7.08694049e+00
1380   1.27777778e+01   7.07522024e+00
1390   1.28703704e+01   7.13065126e+00
1400   1.29629630e+01   7.10281265e+00
1410   1.30555556e+01   7.08431625e+00
1420   1.31481481e+01   7.12605934e+00
1430   1.32407407e+01   7.09882427e+00
1440   1.33333333e+01   7.08475857e+00
1450   1.34259259e+01   7.12260085e+00
1460   1.35185185e+01   7.10390319e+00
1470   1.36111111e+01   7.09084529e+00
1480   1.37037037e+01   7.12314620e+00
1490   1.37962963e+01   7.10293481e+00
1500   1.38888889e+01   7.08747035e+00
