0   0.00000000e+00   6.23339966e+00
10   9.25925926e-02   6.62242144e+00
20   1.85185185e-01   6.73473605e+00
30   2.77777778e-01   6.75362603e+00
40   3.70370370e-01   6.97551665e+00
50   4.62962963e-01   6.98358160e+00
60   5.55555556e-01   6.96645406e+00
70   6.48148148e-01   7.14895150e+00
80   7.40740741e-01   7.10643600e+00
90   8.33333333e-01   7.07072437e+00
100   9.25925926e-01   7.22689439e+00
110   1.01851852e+00   7.14885686e+00
120   1.11111111e+00   7.11739968e+00
130   1.20370370e+00   7.23349370e+00
140   1.29629630e+00   7.15179552e+00
150   1.38888889e+00   7.10453553e+00
160   1.48148148e+00   7.18499238e+00
170   1.57407407e+00   7.10374774e+00
180   1.66666667e+00   7.04825273e+00
190   1.75925926e+00   7.12760863e+00
200   1.85185185e+00   7.05648811e+00
210   1.94444444e+00   7.04001359e+00
220   2.03703704e+00   7.11500827e+00
230   2.12962963e+00   7.01486566e+00
240   2.22222222e+00   6.98108589e+00
250   2.31481481e+00   7.03361976e+00
260   2.40740741e+00   6.90805757e+00
270   2.50000000e+00   6.86545444e+00
280   2.59259259e+00   6.92385206e+00
290   2.68518519e+00   6.80062914e+00
300   2.77777778e+00   6.76995061e+00
310   2.87037037e+00   6.82386087e+00
320   2.96296296e+00   6.69991286e+00
330   3.05555556e+00   6.65295356e+00
340   3.14814815e+00   6.71936914e+00
350   3.24074074e+00   6.58695288e+00
360   3.33333333e+00   6.55656196e+00
370   3.42592593e+00   6.60523347e+00
380   3.51851852e+00   6.50439678e+00
390   3.61111111e+00   6.47172069e+00
400   3.70370370e+00   6.51179600e+00
410   3.79629630e+00   6.41643928e+00
420   3.88888889e+00   6.37556498e+00
430   3.98148148e+00   6.42449616e+00
440   4.07407407e+00   6.30963024e+00
450   4.16666667e+00   6.27779557e+00
460   4.25925926e+00   6.33766907e+00
470   4.35185185e+00   6.22381934e+00
480   4.44444444e+00   6.17965632e+00
490   4.53703704e+00   6.19207426e+00
500   4.62962963e+00   6.10280878e+00
510   4.72222222e+00   6.06765775e+00
520   4.81481481e+00   6.07487115e+00
530   4.90740741e+00   5.97680629e+00
540   5.00000000e+00   5.97003382e+00
550   5.09259259e+00   5.99294674e+00
560   5.18518519e+00   5.90137224e+00
570   5.27777778e+00   5.87859566e+00
580   5.37037037e+00   5.90668529e+00
590   5.46296296e+00   5.82387120e+00
600   5.55555556e+00   5.79787108e+00
610   5.64814815e+00   5.81374497e+00
620   5.74074074e+00   5.72770913e+00
630   5.83333333e+00   5.70297327e+00
640   5.92592593e+00   5.72814151e+00
650   6.01851852e+00   5.65575938e+00
660   6.11111111e+00   5.63318689e+00
670   6.20370370e+00   5.64127037e+00
680   6.29629630e+00   5.58052863e+00
690   6.38888889e+00   5.56926289e+00
700   6.48148148e+00   5.58795948e+00
710   6.57407407e+00   5.52107828e+00
720   6.66666667e+00   5.49064686e+00
730   6.75925926e+00   5.52671731e+00
740   6.85185185e+00   5.45620894e+00
750   6.94444444e+00   5.44050237e+00
760   7.03703704e+00   5.46167203e+00
770   7.12962963e+00   5.39996340e+00
780   7.22222222e+00   5.39252967e+00
790   7.31481481e+00   5.40890452e+00
800   7.40740741e+00   5.35704971e+00
810   7.50000000e+00   5.35649442e+00
820   7.59259259e+00   5.36222358e+00
830   7.68518519e+00   5.31312581e+00
840   7.77777778e+00   5.30050137e+00
850   7.87037037e+00   5.29561267e+00
860   7.96296296e+00   5.24514529e+00
870   8.05555556e+00   5.24091861e+00
880   8.14814815e+00   5.25049826e+00
890   8.24074074e+00   5.19619939e+00
900   8.33333333e+00   5.18800968e+00
910   8.42592593e+00   5.19888404e+00
920   8.51851852e+00   5.15653451e+00
930   8.61111111e+00   5.15042826e+00
940   8.70370370e+00   5.15214278e+00
950   8.79629630e+00   5.10089070e+00
960   8.88888889e+00   5.08991540e+00
970   8.98148148e+00   5.11500132e+00
980   9.07407407e+00   5.06024009e+00
990   9.16666667e+00   5.04181766e+00
1000   9.25925926e+00   5.04802627e+00
1010   9.35185185e+00   5.01333501e+00
1020   9.44444444e+00   5.00179742e+00
1030   9.53703704e+00   5.01463382e+00
1040   9.62962963e+00   4.97856505e+00
1050   9.72222222e+00   4.97446527e+00
1060   9.81481481e+00   4.98729543e+00
1070   9.90740741e+00   4.95149913e+00
1080   1.00000000e+01   4.94386393e+00
1090   1.00925926e+01   4.96384224e+00
1100   1.01851852e+01   4.92766079e+00
1110   1.02777778e+01   4.92244270e+00
1120   1.03703704e+01   4.94671500e+00
1130   1.04629630e+01   4.89969558e+00
1140   1.05555556e+01   4.89168550e+00
1150   1.06481481e+01   4.90782855e+00
1160   1.07407407e+01   4.87063665e+00
1170   1.08333333e+01   4.86635809e+00
1180   1.09259259e+01   4.87926827e+00
1190   1.10185185e+01   4.84968498e+00
1200   1.11111111e+01   4.84353477e+00
1210   1.12037037e+01   4.86521584e+00
1220   1.12962963e+01   4.82772348e+00
1230   1.13888889e+01   4.82346937e+00
1240   1.14814815e+01   4.84208257e+00
1250   1.15740741e+01   4.81174676e+00
1260   1.16666667e+01   4.81328976e+00
1270   1.17592593e+01   4.83112080e+00
1280   1.18518519e+01   4.80003401e+00
1290   1.19444444e+01   4.79524447e+00
1300   1.20370370e+01   4.81151373e+00
1310   1.21296296e+01   4.77348725e+00
1320   1.22222222e+01   4.76431715e+00
1330   1.23148148e+01   4.77784056e+00
1340   1.24074074e+01   4.74220890e+00
1350   1.25000000e+01   4.74429457e+00
1360   1.25925926e+01   4.75437723e+00
1370   1.26851852e+01   4.72947364e+00
1380   1.27777778e+01   4.72606876e+00
1390   1.28703704e+01   4.73247930e+00
1400   1.29629630e+01   4.70982730e+00
1410   1.30555556e+01   4.70532796e+00
1420   1.31481481e+01   4.71578015e+00
1430   1.32407407e+01   4.69458083e+00
1440   1.33333333e+01   4.68947184e+00
1450   1.34259259e+01   4.69773004e+00
1460   1.35185185e+01   4.66059194e+00
1470   1.36111111e+01   4.65647436e+00
1480   1.37037037e+01   4.67366311e+00
1490   1.37962963e+01   4.64978552e+00
1500   1.38888889e+01   4.65061123e+00
