0   0.00000000e+00   6.23856068e+00
10   9.25925926e-02   6.53568782e+00
20   1.85185185e-01   6.68791456e+00
30   2.77777778e-01   6.73858212e+00
40   3.70370370e-01   6.82498389e+00
50   4.62962963e-01   6.85989185e+00
60   5.55555556e-01   6.86574898e+00
70   6.48148148e-01   6.89623499e+00
80   7.40740741e-01   6.88854262e+00
90   8.33333333e-01   6.87634969e+00
100   9.25925926e-01   6.87032041e+00
110   1.01851852e+00   6.81961961e+00
120   1.11111111e+00   6.79078212e+00
130   1.20370370e+00   6.78186844e+00
140   1.29629630e+00   6.72408003e+00
150   1.38888889e+00   6.69033817e+00
160   1.48148148e+00   6.66380384e+00
170   1.57407407e+00   6.58413724e+00
180   1.66666667e+00   6.55146973e+00
190   1.75925926e+00   6.53325142e+00
200   1.85185185e+00   6.43529345e+00
210   1.94444444e+00   6.41843108e+00
220   2.03703704e+00   6.38177369e+00
230   2.12962963e+00   6.29686010e+00
240   2.22222222e+00   6.25849133e+00
250   2.31481481e+00   6.22358235e+00
260   2.40740741e+00   6.15870795e+00
270   2.50000000e+00   6.15300518e+00
280   2.59259259e+00   6.11246787e+00
290   2.68518519e+00   6.03720847e+00
300   2.77777778e+00   6.01205714e+00
310   2.87037037e+00   5.99806943e+00
320   2.96296296e+00   5.92041242e+00
330   3.05555556e+00   5.91043004e+00
340   3.14814815e+00   5.89105541e+00
350   3.24074074e+00   5.83095690e+00
360   3.33333333e+00   5.82879307e+00
370   3.42592593e+00   5.81607930e+00
380   3.51851852e+00   5.75414294e+00
390   3.61111111e+00   5.74854327e+00
400   3.70370370e+00   5.72969434e+00
410   3.79629630e+00   5.66741665e+00
420   3.88888889e+00   5.65542933e+00
430   3.98148148e+00   5.65205138e+00
440   4.07407407e+00   5.59907533e+00
450   4.16666667e+00   5.58095269e+00
460   4.25925926e+00   5.58944034e+00
470   4.35185185e+00   5.53843352e+00
480   4.44444444e+00   5.52543248e+00
490   4.53703704e+00   5.52816917e+00
500   4.62962963e+00   5.47262150e+00
510   4.72222222e+00   5.46193418e+00
520   4.81481481e+00   5.46575319e+00
530   4.90740741e+00   5.42651717e+00
540   5.00000000e+00   5.39327474e+00
550   5.09259259e+00   5.40670845e+00
560   5.18518519e+00   5.36238863e+00
570   5.27777778e+00   5.35148115e+00
580   5.37037037e+00   5.37544241e+00
590   5.46296296e+00   5.33768528e+00
600   5.55555556e+00   5.32163122e+00
610   5.64814815e+00   5.34193137e+00
620   5.74074074e+00   5.30695405e+00
630   5.83333333e+00   5.29230941e+00
640   5.92592593e+00   5.31829786e+00
650   6.01851852e+00   5.27948864e+00
660   6.11111111e+00   5.25772366e+00
670   6.20370370e+00   5.27753936e+00
680   6.29629630e+00   5.24306027e+00
690   6.38888889e+00   5.22985252e+00
700   6.48148148e+00   5.26520471e+00
710   6.57407407e+00   5.23494461e+00
720   6.66666667e+00   5.21034830e+00
730   6.75925926e+00   5.24164918e+00
740   6.85185185e+00   5.22314916e+00
750   6.94444444e+00   5.20863752e+00
760   7.03703704e+00   5.22895949e+00
770   7.12962963e+00   5.18505304e+00
780   7.22222222e+00   5.17720797e+00
790   7.31481481e+00   5.19699219e+00
800   7.40740741e+00   5.14253723e+00
810   7.50000000e+00   5.12172677e+00
820   7.59259259e+00   5.14491460e+00
830   7.68518519e+00   5.10608713e+00
840   7.77777778e+00   5.09175031e+00
850   7.87037037e+00   5.12816564e+00
860   7.96296296e+00   5.09149653e+00
870   8.05555556e+00   5.07327156e+00
880   8.14814815e+00   5.10185106e+00
890   8.24074074e+00   5.05818033e+00
900   8.33333333e+00   5.04475025e+00
910   8.42592593e+00   5.08681521e+00
920   8.51851852e+00   5.06158304e+00
930   8.61111111e+00   5.04570790e+00
940   8.70370370e+00   5.06772893e+00
950   8.79629630e+00   5.04033325e+00
960   8.88888889e+00   5.01265378e+00
970   8.98148148e+00   5.06250883e+00
980   9.07407407e+00   5.02984100e+00
990   9.16666667e+00   5.00598200e+00
1000   9.25925926e+00   5.04611814e+00
1010   9.35185185e+00   5.00712764e+00
1020   9.44444444e+00   4.98283409e+00
1030   9.53703704e+00   5.02680020e+00
1040   9.62962963e+00   4.99750799e+00
1050   9.72222222e+00   4.97440540e+00
1060   9.81481481e+00   5.03342134e+00
1070   9.90740741e+00   5.01614044e+00
1080   1.00000000e+01   4.99683530e+00
1090   1.00925926e+01   5.02743162e+00
1100   1.01851852e+01   4.98171091e+00
1110   1.02777778e+01   4.96428230e+00
1120   1.03703704e+01   5.01791990e+00
1130   1.04629630e+01   5.00600507e+00
1140   1.05555556e+01   4.98783223e+00
1150   1.06481481e+01   5.02265538e+00
1160   1.07407407e+01   4.99792523e+00
1170   1.08333333e+01   4.96943498e+00
1180   1.09259259e+01   5.01578126e+00
1190   1.10185185e+01   4.98279805e+00
1200   1.11111111e+01   4.95398297e+00
1210   1.12037037e+01   5.00992303e+00
1220   1.12962963e+01   5.00376099e+00
1230   1.13888889e+01   4.98445048e+00
1240   1.14814815e+01   5.03134138e+00
1250   1.15740741e+01   5.00121009e+00
1260   1.16666667e+01   4.97363957e+00
1270   1.17592593e+01   5.01765456e+00
1280   1.18518519e+01   4.98891382e+00
1290   1.19444444e+01   4.95706094e+00
1300   1.20370370e+01   4.99782548e+00
1310   1.21296296e+01   4.97342255e+00
1320   1.22222222e+01   4.94700606e+00
1330   1.23148148e+01   4.98128988e+00
1340   1.24074074e+01   4.94867250e+00
1350   1.25000000e+01   4.93444784e+00
1360   1.25925926e+01   4.97554272e+00
1370   1.26851852e+01   4.94715029e+00
1380   1.27777778e+01   4.92838096e+00
1390   1.28703704e+01   4.96618896e+00
1400   1.29629630e+01   4.93797136e+00
1410   1.30555556e+01   4.90810551e+00
1420   1.31481481e+01   4.96706543e+00
1430   1.32407407e+01   4.93028605e+00
1440   1.33333333e+01   4.90244756e+00
1450   1.34259259e+01   4.94271605e+00
1460   1.35185185e+01   4.91051173e+00
1470   1.36111111e+01   4.89205507e+00
1480   1.37037037e+01   4.93428921e+00
1490   1.37962963e+01   4.90752223e+00
1500   1.38888889e+01   4.89539961e+00
