0   0.00000000e+00   6.23511228e+00
10   9.25925926e-02   6.42306787e+00
20   1.85185185e-01   6.51650362e+00
30   2.77777778e-01   6.55804285e+00
40   3.70370370e-01   6.65483642e+00
50   4.62962963e-01   6.68499445e+00
60   5.55555556e-01   6.69349973e+00
70   6.48148148e-01   6.76799115e+00
80   7.40740741e-01   6.78341647e+00
90   8.33333333e-01   6.78492493e+00
100   9.25925926e-01   6.81469682e+00
110   1.01851852e+00   6.81802631e+00
120   1.11111111e+00   6.81928126e+00
130   1.20370370e+00   6.85090769e+00
140   1.29629630e+00   6.85012789e+00
150   1.38888889e+00   6.83202098e+00
160   1.48148148e+00   6.84393113e+00
170   1.57407407e+00   6.83810976e+00
180   1.66666667e+00   6.82085872e+00
190   1.75925926e+00   6.83104697e+00
200   1.85185185e+00   6.82397700e+00
210   1.94444444e+00   6.80855798e+00
220   2.03703704e+00   6.80572931e+00
230   2.12962963e+00   6.79266175e+00
240   2.22222222e+00   6.78172193e+00
250   2.31481481e+00   6.78863648e+00
260   2.40740741e+00   6.78713514e+00
270   2.50000000e+00   6.78536395e+00
280   2.59259259e+00   6.79814726e+00
290   2.68518519e+00   6.77401906e+00
300   2.77777778e+00   6.76400397e+00
310   2.87037037e+00   6.76868504e+00
320   2.96296296e+00   6.75670296e+00
330   3.05555556e+00   6.74200669e+00
340   3.14814815e+00   6.73711917e+00
350   3.24074074e+00   6.72324517e+00
360   3.33333333e+00   6.70014128e+00
370   3.42592593e+00   6.69872142e+00
380   3.51851852e+00   6.68011875e+00
390   3.61111111e+00   6.64557780e+00
400   3.70370370e+00   6.64971508e+00
410   3.79629630e+00   6.62458980e+00
420   3.88888889e+00   6.59569138e+00
430   3.98148148e+00   6.59590630e+00
440   4.07407407e+00   6.55954458e+00
450   4.16666667e+00   6.53171268e+00
460   4.25925926e+00   6.51843841e+00
470   4.35185185e+00   6.47598165e+00
480   4.44444444e+00   6.45219392e+00
490   4.53703704e+00   6.44627760e+00
500   4.62962963e+00   6.40798388e+00
510   4.72222222e+00   6.39325202e+00
520   4.81481481e+00   6.38222985e+00
530   4.90740741e+00   6.33801268e+00
540   5.00000000e+00   6.32843926e+00
550   5.09259259e+00   6.32203918e+00
560   5.18518519e+00   6.28751141e+00
570   5.27777778e+00   6.28682434e+00
580   5.37037037e+00   6.26496382e+00
590   5.46296296e+00   6.23096947e+00
600   5.55555556e+00   6.21825775e+00
610   5.64814815e+00   6.19665195e+00
620   5.74074074e+00   6.16405550e+00
630   5.83333333e+00   6.15771581e+00
640   5.92592593e+00   6.14390767e+00
650   6.01851852e+00   6.12076798e+00
660   6.11111111e+00   6.11323667e+00
670   6.20370370e+00   6.09817063e+00
680   6.29629630e+00   6.08693143e+00
690   6.38888889e+00   6.08785610e+00
700   6.48148148e+00   6.07476301e+00
710   6.57407407e+00   6.04456066e+00
720   6.66666667e+00   6.04225695e+00
730   6.75925926e+00   6.02318367e+00
740   6.85185185e+00   5.99655620e+00
750   6.94444444e+00   5.98667907e+00
760   7.03703704e+00   5.96798756e+00
770   7.12962963e+00   5.95219308e+00
780   7.22222222e+00   5.94986830e+00
790   7.31481481e+00   5.93399345e+00
800   7.40740741e+00   5.90213582e+00
810   7.50000000e+00   5.90134091e+00
820   7.59259259e+00   5.88483948e+00
830   7.68518519e+00   5.86794001e+00
840   7.77777778e+00   5.87041468e+00
850   7.87037037e+00   5.85754199e+00
860   7.96296296e+00   5.83348554e+00
870   8.05555556e+00   5.83063122e+00
880   8.14814815e+00   5.81355055e+00
890   8.24074074e+00   5.79675894e+00
900   8.33333333e+00   5.80524422e+00
910   8.42592593e+00   5.79625201e+00
920   8.51851852e+00   5.77827822e+00
930   8.61111111e+00   5.78425730e+00
940   8.70370370e+00   5.76192262e+00
950   8.79629630e+00   5.73848965e+00
960   8.88888889e+00   5.73849310e+00
970   8.98148148e+00   5.72740057e+00
980   9.07407407e+00   5.70379087e+00
990   9.16666667e+00   5.70889588e+00
1000   9.25925926e+00   5.69399542e+00
1010   9.35185185e+00   5.68915006e+00
1020   9.44444444e+00   5.68289766e+00
1030   9.53703704e+00   5.65145176e+00
1040   9.62962963e+00   5.63611915e+00
1050   9.72222222e+00   5.63796748e+00
1060   9.81481481e+00   5.62125384e+00
1070   9.90740741e+00   5.60576493e+00
1080   1.00000000e+01   5.60360914e+00
1090   1.00925926e+01   5.57942405e+00
1100   1.01851852e+01   5.55469337e+00
1110   1.02777778e+01   5.55802544e+00
1120   1.03703704e+01   5.53871671e+00
1130   1.04629630e+01   5.51490367e+00
1140   1.05555556e+01   5.51714417e+00
1150   1.06481481e+01   5.49533312e+00
1160   1.07407407e+01   5.48123481e+00
1170   1.08333333e+01   5.47453088e+00
1180   1.09259259e+01   5.45036482e+00
1190   1.10185185e+01   5.42874174e+00
1200   1.11111111e+01   5.42712300e+00
1210   1.12037037e+01   5.39836694e+00
1220   1.12962963e+01   5.38794899e+00
1230   1.13888889e+01   5.38520730e+00
1240   1.14814815e+01   5.36884480e+00
1250   1.15740741e+01   5.36030669e+00
1260   1.16666667e+01   5.36685998e+00
1270   1.17592593e+01   5.35954667e+00
1280   1.18518519e+01   5.35197754e+00
1290   1.19444444e+01   5.36152833e+00
1300   1.20370370e+01   5.35713783e+00
1310   1.21296296e+01   5.35570893e+00
1320   1.22222222e+01   5.34819592e+00
1330   1.23148148e+01   5.34340226e+00
1340   1.24074074e+01   5.34332401e+00
1350   1.25000000e+01   5.34060218e+00
1360   1.25925926e+01   5.34151162e+00
1370   1.26851852e+01   5.34476270e+00
1380   1.27777778e+01   5.33981407e+00
1390   1.28703704e+01   5.33471762e+00
1400   1.29629630e+01   5.31798077e+00
1410   1.30555556e+01   5.31531100e+00
1420   1.31481481e+01   5.32648283e+00
1430   1.32407407e+01   5.32529026e+00
1440   1.33333333e+01   5.32630354e+00
1450   1.34259259e+01   5.32810508e+00
1460   1.35185185e+01   5.32785021e+00
1470   1.36111111e+01   5.32732614e+00
1480   1.37037037e+01   5.33699697e+00
1490   1.37962963e+01   5.33415347e+00
1500   1.38888889e+01   5.33583988e+00
