-3.9782602e+00   -4.34554349e+00   5.04368496e-01  3.4206393e+01   -3.46157479e+00   -4.83051996e+00
-3.9565205e+00   -4.69108699e+00   1.00873699e+00  6.3117157e+01   -6.66030975e+00   -8.12042172e+00
-3.9347807e+00   -5.03663048e+00   1.51310549e+00  9.2459341e+01   -1.01135989e+01   -1.08095405e+01
-3.9130410e+00   -5.38217397e+00   2.01747398e+00  1.2355076e+02   -1.38031099e+01   -1.31240454e+01
-3.8913012e+00   -5.72771746e+00   2.52184248e+00  1.5714207e+02   -1.77208440e+01   -1.51677668e+01
-3.8695615e+00   -6.07326096e+00   3.02621097e+00  1.9395081e+02   -2.18856096e+01   -1.70434614e+01
-3.8478217e+00   -6.41880445e+00   3.53057947e+00  2.3509592e+02   -2.63647386e+01   -1.89024278e+01
-3.8260820e+00   -6.76434794e+00   4.03494797e+00  2.8338654e+02   -3.14199151e+01   -2.10104598e+01
-3.8043422e+00   -7.10989143e+00   4.53931646e+00  3.5280441e+02   -3.88454879e+01   -2.38939518e+01
2.1739754e-02   -4.34554349e+00   5.04368496e-01  2.6536861e+01   -2.44369064e+00   -4.84009082e+00
4.3479508e-02   -4.69108699e+00   1.00873699e+00  5.0129777e+01   -4.44121103e+00   -8.36023575e+00
6.5219262e-02   -5.03663048e+00   1.51310549e+00  7.5309315e+01   -6.63123369e+00   -1.15559801e+01
8.6959015e-02   -5.38217397e+00   2.01747398e+00  1.0320524e+02   -9.09725187e+00   -1.46492993e+01
1.0869877e-01   -5.72771746e+00   2.52184248e+00  1.3453609e+02   -1.18995872e+01   -1.77359064e+01
1.3043852e-01   -6.07326096e+00   3.02621097e+00  1.7003564e+02   -1.50777360e+01   -2.08785508e+01
1.5217828e-01   -6.41880445e+00   3.53057947e+00  2.1081553e+02   -1.86801681e+01   -2.41624654e+01
1.7391803e-01   -6.76434794e+00   4.03494797e+00  2.5953235e+02   -2.28885332e+01   -2.78289272e+01
1.9565778e-01   -7.10989143e+00   4.53931646e+00  3.2932520e+02   -2.88593884e+01   -3.30766457e+01
4.0217398e+00   -4.34554349e+00   5.04368496e-01  2.3899159e+01   -2.05432171e+00   -4.88798951e+00
4.0434795e+00   -4.69108699e+00   1.00873699e+00  4.5609872e+01   -3.59829710e+00   -8.60726643e+00
4.0652193e+00   -5.03663048e+00   1.51310549e+00  6.9295032e+01   -5.33170930e+00   -1.21436148e+01
4.0869590e+00   -5.38217397e+00   2.01747398e+00  9.6018778e+01   -7.35755547e+00   -1.56733529e+01
4.1086988e+00   -5.72771746e+00   2.52184248e+00  1.2645930e+02   -9.74408393e+00   -1.92509607e+01
4.1304385e+00   -6.07326096e+00   3.02621097e+00  1.6130818e+02   -1.25287007e+01   -2.29091558e+01
4.1521783e+00   -6.41880445e+00   3.53057947e+00  2.0162212e+02   -1.57444918e+01   -2.67255008e+01
4.1739180e+00   -6.76434794e+00   4.03494797e+00  2.4996107e+02   -1.95246300e+01   -3.09851033e+01
4.1956578e+00   -7.10989143e+00   4.53931646e+00  3.1909036e+02   -2.47176128e+01   -3.72702950e+01
-3.9782602e+00   -3.45543493e-01   5.04368496e-01  3.3986033e+01   -1.23176459e+00   -4.59459947e+00
-3.9565205e+00   -6.91086985e-01   1.00873699e+00  6.2165507e+01   -2.49446937e+00   -7.52607582e+00
-3.9347807e+00   -1.03663048e+00   1.51310549e+00  9.0198213e+01   -4.18168238e+00   -9.78745339e+00
-3.9130410e+00   -1.38217397e+00   2.01747398e+00  1.1938688e+02   -6.24348402e+00   -1.15525777e+01
-3.8913012e+00   -1.72771746e+00   2.52184248e+00  1.5052968e+02   -8.66337551e+00   -1.28920765e+01
-3.8695615e+00   -2.07326096e+00   3.02621097e+00  1.8444592e+02   -1.14722639e+01   -1.38884715e+01
-3.8478217e+00   -2.41880445e+00   3.53057947e+00  2.2238006e+02   -1.47616145e+01   -1.46825046e+01
-3.8260820e+00   -2.76434794e+00   4.03494797e+00  2.6720536e+02   -1.87781582e+01   -1.55131142e+01
-3.8043422e+00   -3.10989143e+00   4.53931646e+00  3.3235682e+02   -2.49014715e+01   -1.67008078e+01
2.1739754e-02   -3.45543493e-01   5.04368496e-01  2.6438919e+01   -2.06704927e+00   -4.76577083e+00
4.3479508e-02   -6.91086985e-01   1.00873699e+00  4.9148870e+01   -3.61444759e+00   -8.15995232e+00
6.5219262e-02   -1.03663048e+00   1.51310549e+00  7.2649268e+01   -5.28974508e+00   -1.12004589e+01
8.6959015e-02   -1.38217397e+00   2.01747398e+00  9.8091409e+01   -7.16286797e+00   -1.40923631e+01
1.0869877e-01   -1.72771746e+00   2.52184248e+00  1.2627782e+02   -9.28267147e+00   -1.69001583e+01
1.3043852e-01   -2.07326096e+00   3.02621097e+00  1.5807929e+02   -1.16977431e+01   -1.96543067e+01
1.5217828e-01   -2.41880445e+00   3.53057947e+00  1.9476398e+02   -1.44861887e+01   -2.24175342e+01
1.7391803e-01   -2.76434794e+00   4.03494797e+00  2.3906487e+02   -1.78510623e+01   -2.54124645e+01
1.9565778e-01   -3.10989143e+00   4.53931646e+00  3.0342850e+02   -2.27767876e+01   -2.97579026e+01
4.0217398e+00   -3.45543493e-01   5.04368496e-01  2.3861256e+01   -2.47098015e+00   -4.87865600e+00
4.0434795e+00   -6.91086985e-01   1.00873699e+00  4.4592582e+01   -4.20000719e+00   -8.56018790e+00
4.0652193e+00   -1.03663048e+00   1.51310549e+00  6.6399680e+01   -5.93784906e+00   -1.20395044e+01
4.0869590e+00   -1.38217397e+00   2.01747398e+00  9.0405576e+01   -7.78582118e+00   -1.54912257e+01
4.1086988e+00   -1.72771746e+00   2.52184248e+00  1.1739965e+02   -9.81125523e+00   -1.89408364e+01
4.1304385e+00   -2.07326096e+00   3.02621097e+00  1.4822760e+02   -1.20720278e+01   -2.23849571e+01
4.1521783e+00   -2.41880445e+00   3.53057947e+00  1.8410974e+02   -1.46439746e+01   -2.58733058e+01
4.1739180e+00   -2.76434794e+00   4.03494797e+00  2.2767483e+02   -1.77068156e+01   -2.96727494e+01
4.1956578e+00   -3.10989143e+00   4.53931646e+00  2.9091656e+02   -2.20611371e+01   -3.53174443e+01
-3.9782602e+00   3.65445651e+00   5.04368496e-01  3.8513216e+01   5.98115693e-01   -4.46120636e+00
-3.9565205e+00   3.30891301e+00   1.00873699e+00  7.0245609e+01   9.65496824e-01   -7.29643970e+00
-3.9347807e+00   2.96336952e+00   1.51310549e+00  1.0083053e+02   7.48221320e-01   -9.57660362e+00
-3.9130410e+00   2.61782603e+00   2.01747398e+00  1.3147481e+02   -8.89095573e-03   -1.14354928e+01
-3.8913012e+00   2.27228254e+00   2.52184248e+00  1.6300867e+02   -1.28421083e+00   -1.28922134e+01
-3.8695615e+00   1.92673904e+00   3.02621097e+00  1.9639667e+02   -3.08950118e+00   -1.39788683e+01
-3.8478217e+00   1.58119555e+00   3.53057947e+00  2.3311490e+02   -5.47239163e+00   -1.48015040e+01
-3.8260820e+00   1.23565206e+00   4.03494797e+00  2.7630933e+02   -8.56505737e+00   -1.55952190e+01
-3.8043422e+00   8.90108567e-01   4.53931646e+00  3.3977414e+02   -1.31572399e+01   -1.68785314e+01
2.1739754e-02   3.65445651e+00   5.04368496e-01  3.3816439e+01   -2.58398330e+00   -4.86285548e+00
4.3479508e-02   3.30891301e+00   1.00873699e+00  6.1463396e+01   -4.24305573e+00   -8.36695149e+00
6.5219262e-02   2.96336952e+00   1.51310549e+00  8.8200582e+01   -5.74805352e+00   -1.14305590e+01
8.6959015e-02   2.61782603e+00   2.01747398e+00  1.1531630e+02   -7.22399936e+00   -1.42457351e+01
1.0869877e-01   2.27228254e+00   2.52184248e+00  1.4376932e+02   -8.75371758e+00   -1.68929535e+01
1.3043852e-01   1.92673904e+00   3.02621097e+00  1.7467071e+02   -1.04236644e+01   -1.94397725e+01
1.5217828e-01   1.58119555e+00   3.53057947e+00  2.0960960e+02   -1.23580759e+01   -2.19854398e+01
1.7391803e-01   1.23565206e+00   4.03494797e+00  2.5168078e+02   -1.47846104e+01   -2.47691482e+01
1.9565778e-01   8.90108567e-01   4.53931646e+00  3.1382663e+02   -1.85206526e+01   -2.89259867e+01
4.0217398e+00   3.65445651e+00   5.04368496e-01  3.2179317e+01   -3.53806049e+00   -5.00933416e+00
4.0434795e+00   3.30891301e+00   1.00873699e+00  5.8413422e+01   -5.91435801e+00   -8.79832143e+00
4.0652193e+00   2.96336952e+00   1.51310549e+00  8.3805108e+01   -7.97745763e+00   -1.22458454e+01
4.0869590e+00   2.61782603e+00   2.01747398e+00  1.0966394e+02   -9.86428946e+00   -1.55360143e+01
4.1086988e+00   2.27228254e+00   2.52184248e+00  1.3697186e+02   -1.16685358e+01   -1.87321325e+01
4.1304385e+00   1.92673904e+00   3.02621097e+00  1.6684449e+02   -1.34913421e+01   -2.18878044e+01
4.1521783e+00   1.58119555e+00   3.53057947e+00  2.0084847e+02   -1.54745004e+01   -2.51015000e+01
4.1739180e+00   1.23565206e+00   4.03494797e+00  2.4200066e+02   -1.78663019e+01   -2.86518625e+01
4.1956578e+00   8.90108567e-01   4.53931646e+00  3.0284896e+02   -2.14988018e+01   -3.39899603e+01
8.0217398e+00   -4.34554349e+00   5.04368496e-01  2.3082789e+01   -1.93328620e+00   -4.90046629e+00
8.0434795e+00   -4.69108699e+00   1.00873699e+00  4.4170731e+01   -3.33115636e+00   -8.68078849e+00
8.0652193e+00   -5.03663048e+00   1.51310549e+00  6.7315069e+01   -4.91094873e+00   -1.23298443e+01
8.0869590e+00   -5.38217397e+00   2.01747398e+00  9.3562594e+01   -6.77943321e+00   -1.60137363e+01
8.1086988e+00   -5.72771746e+00   2.52184248e+00  1.2358279e+02   -9.00441816e+00   -1.97767967e+01
8.1304385e+00   -6.07326096e+00   3.02621097e+00  1.5805810e+02   -1.16193312e+01   -2.36449344e+01
8.1521783e+00   -6.41880445e+00   3.53057947e+00  1.9803095e+02   -1.46483105e+01   -2.76974168e+01
8.1739180e+00   -6.76434794e+00   4.03494797e+00  2.4602844e+02   -1.82015615e+01   -3.22429577e+01
8.1956578e+00   -7.10989143e+00   4.53931646e+00  3.1465599e+02   -2.29896918e+01   -3.90382710e+01
1.2021740e+01   -4.34554349e+00   5.04368496e-01  2.2881330e+01   -1.88479238e+00   -4.90490610e+00
1.2043480e+01   -4.69108699e+00   1.00873699e+00  4.3808995e+01   -3.22180306e+00   -8.70911689e+00
1.2065219e+01   -5.03663048e+00   1.51310549e+00  6.6806950e+01   -4.73395016e+00   -1.24052250e+01
1.2086959e+01   -5.38217397e+00   2.01747398e+00  9.2917860e+01   -6.52833190e+00   -1.61577300e+01
1.2108699e+01   -5.72771746e+00   2.52184248e+00  1.2280941e+02   -8.67120656e+00   -2.00089777e+01
1.2130439e+01   -6.07326096e+00   3.02621097e+00  1.5716221e+02   -1.11927806e+01   -2.39841999e+01
1.2152178e+01   -6.41880445e+00   3.53057947e+00  1.9701547e+02   -1.41113931e+01   -2.81660969e+01
1.2173918e+01   -6.76434794e+00   4.03494797e+00  2.4488733e+02   -1.75236811e+01   -3.28784234e+01
1.2195658e+01   -7.10989143e+00   4.53931646e+00  3.1333459e+02   -2.20631250e+01   -3.99754212e+01
1.6021740e+01   -4.34554349e+00   5.04368496e-01  2.3025829e+01   -1.83973081e+00   -4.91072627e+00
1.6043480e+01   -4.69108699e+00   1.00873699e+00  4.4068824e+01   -3.12053403e+00   -8.73874684e+00
1.6065219e+01   -5.03663048e+00   1.51310549e+00  6.7174544e+01   -4.56935025e+00   -1.24796701e+01
1.6086959e+01   -5.38217397e+00   2.01747398e+00  9.3388678e+01   -6.29356487e+00   -1.62973037e+01
1.6108699e+01   -5.72771746e+00   2.52184248e+00  1.2337983e+02   -8.35796949e+00   -2.02326654e+01
1.6130439e+01   -6.07326096e+00   3.02621097e+00  1.5782946e+02   -1.07897300e+01   -2.43106658e+01
1.6152178e+01   -6.41880445e+00   3.53057947e+00  1.9777858e+02   -1.36017354e+01   -2.86173660e+01
1.6173918e+01   -6.76434794e+00   4.03494797e+00  2.4575130e+02   -1.68778752e+01   -3.34906747e+01
1.6195658e+01   -7.10989143e+00   4.53931646e+00  3.1433738e+02   -2.11796207e+01   -4.08757610e+01
8.0217398e+00   -3.45543493e-01   5.04368496e-01  2.3073670e+01   -2.60290645e+00   -4.91205424e+00
8.0434795e+00   -6.91086985e-01   1.00873699e+00  4.3168739e+01   -4.39970396e+00   -8.68204352e+00
8.0652193e+00   -1.03663048e+00   1.51310549e+00  6.4394015e+01   -6.16907741e+00   -1.23030681e+01
8.0869590e+00   -1.38217397e+00   2.01747398e+00  8.7864552e+01   -8.01962763e+00   -1.59439327e+01
8.1086988e+00   -1.72771746e+00   2.52184248e+00  1.1436694e+02   -1.00223179e+01   -1.96205560e+01
8.1304385e+00   -2.07326096e+00   3.02621097e+00  1.4474008e+02   -1.22355435e+01   -2.33215880e+01
8.1521783e+00   -2.41880445e+00   3.53057947e+00  1.8018916e+02   -1.47311785e+01   -2.70968197e+01
8.1739180e+00   -2.76434794e+00   4.03494797e+00  2.2330505e+02   -1.76763906e+01   -3.12361552e+01
8.1956578e+00   -3.10989143e+00   4.53931646e+00  2.8589759e+02   -2.17942019e+01   -3.74460848e+01
1.2021740e+01   -3.45543493e-01   5.04368496e-01  2.2884202e+01   -2.65705068e+00   -4.92530835e+00
1.2043480e+01   -6.91086985e-01   1.00873699e+00  4.2822671e+01   -4.48451157e+00   -8.73049907e+00
1.2065219e+01   -1.03663048e+00   1.51310549e+00  6.3900368e+01   -6.27079247e+00   -1.24098111e+01
1.2086959e+01   -1.38217397e+00   2.01747398e+00  8.7229934e+01   -8.12676615e+00   -1.61319142e+01
1.2108699e+01   -1.72771746e+00   2.52184248e+00  1.1359694e+02   -1.01240156e+01   -1.99108779e+01
1.2130439e+01   -2.07326096e+00   3.02621097e+00  1.4383847e+02   -1.23199213e+01   -2.37341566e+01
1.2152178e+01   -2.41880445e+00   3.53057947e+00  1.7915583e+02   -1.47829643e+01   -2.76541722e+01
1.2173918e+01   -2.76434794e+00   4.03494797e+00  2.2212981e+02   -1.76724628e+01   -3.19749335e+01
1.2195658e+01   -3.10989143e+00   4.53931646e+00  2.8451867e+02   -2.16711718e+01   -3.84921846e+01
1.6021740e+01   -3.45543493e-01   5.04368496e-01  2.3033976e+01   -2.70744075e+00   -4.93954481e+00
1.6043480e+01   -6.91086985e-01   1.00873699e+00  4.3097931e+01   -4.56489068e+00   -8.77962920e+00
1.6065219e+01   -1.03663048e+00   1.51310549e+00  6.4297774e+01   -6.36849156e+00   -1.25151660e+01
1.6086959e+01   -1.38217397e+00   2.01747398e+00  8.7748524e+01   -8.23114684e+00   -1.63155364e+01
1.6108699e+01   -1.72771746e+00   2.52184248e+00  1.1423642e+02   -1.02249229e+01   -2.01936300e+01
1.6130439e+01   -2.07326096e+00   3.02621097e+00  1.4459971e+02   -1.24061403e+01   -2.41360886e+01
1.6152178e+01   -2.41880445e+00   3.53057947e+00  1.8004261e+02   -1.48400083e+01   -2.81979555e+01
1.6173918e+01   -2.76434794e+00   4.03494797e+00  2.2315424e+02   -1.76785039e+01   -3.26966281e+01
1.6195658e+01   -3.10989143e+00   4.53931646e+00  2.8573581e+02   -2.15680957e+01   -3.95114130e+01
8.0217398e+00   3.65445651e+00   5.04368496e-01  3.1600803e+01   -3.84946750e+00   -5.05819076e+00
8.0434795e+00   3.30891301e+00   1.00873699e+00  5.7338063e+01   -6.47181151e+00   -8.94332490e+00
8.0652193e+00   2.96336952e+00   1.51310549e+00  8.2248251e+01   -8.74053356e+00   -1.25231995e+01
8.0869590e+00   2.61782603e+00   2.01747398e+00  1.0763999e+02   -1.07952539e+01   -1.59813981e+01
8.1086988e+00   2.27228254e+00   2.52184248e+00  1.3449695e+02   -1.27312086e+01   -1.93779972e+01
8.1304385e+00   1.92673904e+00   3.02621097e+00  1.6393141e+02   -1.46518727e+01   -2.27650032e+01
8.1521783e+00   1.58119555e+00   3.53057947e+00  1.9749787e+02   -1.67021670e+01   -2.62449436e+01
8.1739180e+00   1.23565206e+00   4.03494797e+00  2.3817973e+02   -1.91351584e+01   -3.01171588e+01
8.1956578e+00   8.90108567e-01   4.53931646e+00  2.9835870e+02   -2.27904667e+01   -3.59639369e+01
1.2021740e+01   3.65445651e+00   5.04368496e-01  3.1450357e+01   -3.99027157e+00   -5.08094745e+00
1.2043480e+01   3.30891301e+00   1.00873699e+00  5.7059727e+01   -6.72736753e+00   -9.01017856e+00
1.2065219e+01   2.96336952e+00   1.51310549e+00  8.1845863e+01   -9.09615269e+00   -1.26507093e+01
1.2086959e+01   2.61782603e+00   2.01747398e+00  1.0711600e+02   -1.12377948e+01   -1.61870246e+01
1.2108699e+01   2.27228254e+00   2.52184248e+00  1.3385326e+02   -1.32481899e+01   -1.96791873e+01
1.2130439e+01   1.92673904e+00   3.02621097e+00  1.6316830e+02   -1.52315068e+01   -2.31802646e+01
1.2152178e+01   1.58119555e+00   3.53057947e+00  1.9661186e+02   -1.73335331e+01   -2.67969317e+01
1.2173918e+01   1.23565206e+00   4.03494797e+00  2.3715806e+02   -1.98091779e+01   -3.08413698e+01
1.2195658e+01   8.90108567e-01   4.53931646e+00  2.9714279e+02   -2.35044436e+01   -3.69644743e+01
1.6021740e+01   3.65445651e+00   5.04368496e-01  3.1582791e+01   -4.12507548e+00   -5.10444890e+00
1.6043480e+01   3.30891301e+00   1.00873699e+00  5.7307235e+01   -6.97423646e+00   -9.07790083e+00
1.6065219e+01   2.96336952e+00   1.51310549e+00  8.2208033e+01   -9.44194046e+00   -1.27782706e+01
1.6086959e+01   2.61782603e+00   2.01747398e+00  1.0759438e+02   -1.16707747e+01   -1.63914548e+01
1.6108699e+01   2.27228254e+00   2.52184248e+00  1.3445021e+02   -1.37571875e+01   -1.99778952e+01
1.6130439e+01   1.92673904e+00   3.02621097e+00  1.6388783e+02   -1.58059402e+01   -2.35919360e+01
1.6152178e+01   1.58119555e+00   3.53057947e+00  1.9746173e+02   -1.79636937e+01   -2.73443983e+01
1.6173918e+01   1.23565206e+00   4.03494797e+00  2.3815545e+02   -2.04875486e+01   -3.15598690e+01
1.6195658e+01   8.90108567e-01   4.53931646e+00  2.9834994e+02   -2.42332170e+01   -3.79536655e+01
2.0021740e+01   -4.34554349e+00   5.04368496e-01  2.3697959e+01   -1.73672929e+00   -4.92780642e+00
2.0043480e+01   -4.69108699e+00   1.00873699e+00  4.5260537e+01   -2.89504146e+00   -8.81356179e+00
2.0065219e+01   -5.03663048e+00   1.51310549e+00  6.8828987e+01   -4.21208307e+00   -1.26539342e+01
2.0086959e+01   -5.38217397e+00   2.01747398e+00  9.5462248e+01   -5.79851804e+00   -1.66072435e+01
2.0108699e+01   -5.72771746e+00   2.52184248e+00  1.2583398e+02   -7.71884457e+00   -2.07077783e+01
2.0130439e+01   -6.07326096e+00   3.02621097e+00  1.6063079e+02   -9.99687761e+00   -2.49755955e+01
2.0152178e+01   -6.41880445e+00   3.53057947e+00  2.0090328e+02   -1.26379300e+01   -2.94984835e+01
2.0173918e+01   -6.76434794e+00   4.03494797e+00  2.4920132e+02   -1.57062634e+01   -3.46345397e+01
2.0195658e+01   -7.10989143e+00   4.53931646e+00  3.1824718e+02   -1.96461187e+01   -4.24771063e+01
2.4021740e+01   -4.34554349e+00   5.04368496e-01  2.5820440e+01   -1.42642123e+00   -4.98399294e+00
2.4043480e+01   -4.69108699e+00   1.00873699e+00  4.8931115e+01   -2.23095179e+00   -9.04406301e+00
2.4065219e+01   -5.03663048e+00   1.51310549e+00  7.3777214e+01   -3.18419729e+00   -1.31660269e+01
2.4086959e+01   -5.38217397e+00   2.01747398e+00  1.0146376e+02   -4.41193199e+00   -1.74822069e+01
2.4108699e+01   -5.72771746e+00   2.52184248e+00  1.3268612e+02   -5.98489463e+00   -2.19997359e+01
2.4130439e+01   -6.07326096e+00   3.02621097e+00  1.6815305e+02   -7.92538897e+00   -2.67170110e+01
2.4152178e+01   -6.41880445e+00   3.53057947e+00  2.0894839e+02   -1.02269247e+01   -3.17156915e+01
2.4173918e+01   -6.76434794e+00   4.03494797e+00  2.5769293e+02   -1.29153744e+01   -3.73885254e+01
2.4195658e+01   -7.10989143e+00   4.53931646e+00  3.2741888e+02   -1.61872670e+01   -4.61403216e+01
2.8021740e+01   -4.34554349e+00   5.04368496e-01  3.1700031e+01   -8.30355459e-01   -5.03968363e+00
2.8043480e+01   -4.69108699e+00   1.00873699e+00  5.9053723e+01   -9.21489312e-01   -9.29424930e+00
2.8065219e+01   -5.03663048e+00   1.51310549e+00  8.7459319e+01   -1.07554443e+00   -1.37956307e+01
2.8086959e+01   -5.38217397e+00   2.01747398e+00  1.1814103e+02   -1.47665791e+00   -1.87276147e+01
2.8108699e+01   -5.72771746e+00   2.52184248e+00  1.5175661e+02   -2.23637670e+00   -2.41265740e+01
2.8130439e+01   -6.07326096e+00   3.02621097e+00  1.8891779e+02   -3.38896305e+00   -2.99753269e+01
2.8152178e+01   -6.41880445e+00   3.53057947e+00  2.3062124e+02   -4.91661483e+00   -3.63011041e+01
2.8173918e+01   -6.76434794e+00   4.03494797e+00  2.7952614e+02   -6.79594844e+00   -4.34612754e+01
2.8195658e+01   -7.10989143e+00   4.53931646e+00  3.4932659e+02   -8.76125600e+00   -5.43795164e+01
2.0021740e+01   -3.45543493e-01   5.04368496e-01  2.3712474e+01   -2.81949614e+00   -4.97557804e+00
2.0043480e+01   -6.91086985e-01   1.00873699e+00  4.4332737e+01   -4.74077355e+00   -8.89959846e+00
2.0065219e+01   -1.03663048e+00   1.51310549e+00  6.6054601e+01   -6.57812860e+00   -1.27640855e+01
2.0086959e+01   -1.38217397e+00   2.01747398e+00  9.0000445e+01   -8.45027209e+00   -1.67368506e+01
2.0108699e+01   -1.72771746e+00   2.52184248e+00  1.1695779e+02   -1.04319564e+01   -2.08246496e+01
2.0130439e+01   -2.07326096e+00   3.02621097e+00  1.4776907e+02   -1.25794587e+01   -2.50082809e+01
2.0152178e+01   -2.41880445e+00   3.53057947e+00  1.8365018e+02   -1.49541504e+01   -2.93432218e+01
2.0173918e+01   -2.76434794e+00   4.03494797e+00  2.2722305e+02   -1.76971958e+01   -3.41672188e+01
2.0195658e+01   -3.10989143e+00   4.53931646e+00  2.9045525e+02   -2.13933641e+01   -4.15089107e+01
2.4021740e+01   -3.45543493e-01   5.04368496e-01  2.5879133e+01   -3.15295362e+00   -5.08984560e+00
2.4043480e+01   -6.91086985e-01   1.00873699e+00  4.8199070e+01   -5.25039403e+00   -9.27222895e+00
2.4065219e+01   -1.03663048e+00   1.51310549e+00  7.1427634e+01   -7.17119415e+00   -1.35172961e+01
2.4086959e+01   -1.38217397e+00   2.01747398e+00  9.6709626e+01   -9.05767817e+00   -1.79793139e+01
2.4108699e+01   -1.72771746e+00   2.52184248e+00  1.2483691e+02   -1.09978690e+01   -2.26401537e+01
2.4130439e+01   -2.07326096e+00   3.02621097e+00  1.5666402e+02   -1.30535112e+01   -2.74564638e+01
2.4152178e+01   -2.41880445e+00   3.53057947e+00  1.9343804e+02   -1.52820422e+01   -3.24743795e+01
2.4173918e+01   -2.76434794e+00   4.03494797e+00  2.3786426e+02   -1.78048360e+01   -3.80696858e+01
2.4195658e+01   -3.10989143e+00   4.53931646e+00  3.0231612e+02   -2.10692817e+01   -4.66218223e+01
2.8021740e+01   -3.45543493e-01   5.04368496e-01  3.1926405e+01   -3.98148188e+00   -5.28991976e+00
2.8043480e+01   -6.91086985e-01   1.00873699e+00  5.8785072e+01   -6.56276398e+00   -9.88700659e+00
2.8065219e+01   -1.03663048e+00   1.51310549e+00  8.6007545e+01   -8.75362636e+00   -1.47775185e+01
2.8086959e+01   -1.38217397e+00   2.01747398e+00  1.1486129e+02   -1.07696866e+01   -2.01975986e+01
2.8108699e+01   -1.72771746e+00   2.52184248e+00  1.4609692e+02   -1.27328533e+01   -2.61694655e+01
2.8130439e+01   -2.07326096e+00   3.02621097e+00  1.8046118e+02   -1.47021024e+01   -3.26365412e+01
2.8152178e+01   -2.41880445e+00   3.53057947e+00  2.1909831e+02   -1.67093740e+01   -3.95926649e+01
2.8173918e+01   -2.76434794e+00   4.03494797e+00  2.6474911e+02   -1.88378027e+01   -4.73980036e+01
2.8195658e+01   -3.10989143e+00   4.53931646e+00  3.3062508e+02   -2.12873322e+01   -5.90976702e+01
2.0021740e+01   3.65445651e+00   5.04368496e-01  3.2114669e+01   -4.40549952e+00   -5.15501074e+00
2.0043480e+01   3.30891301e+00   1.00873699e+00  5.8301293e+01   -7.48592337e+00   -9.22277936e+00
2.0065219e+01   2.96336952e+00   1.51310549e+00  8.3657599e+01   -1.01528961e+01   -1.30494817e+01
2.0086959e+01   2.61782603e+00   2.01747398e+00  1.0949572e+02   -1.25508587e+01   -1.68228162e+01
2.0108699e+01   2.27228254e+00   2.52184248e+00  1.3679877e+02   -1.47770132e+01   -2.06019295e+01
2.0130439e+01   1.92673904e+00   3.02621097e+00  1.6668230e+02   -1.69376201e+01   -2.44407889e+01
2.0152178e+01   1.58119555e+00   3.53057947e+00  2.0071224e+02   -1.91820238e+01   -2.84545961e+01
2.0173918e+01   1.23565206e+00   4.03494797e+00  2.4190460e+02   -2.17729997e+01   -3.29871782e+01
2.0195658e+01   8.90108567e-01   4.53931646e+00  3.0280308e+02   -2.55863137e+01   -3.98689726e+01
2.4021740e+01   3.65445651e+00   5.04368496e-01  3.3596647e+01   -5.23761873e+00   -5.30091387e+00
2.4043480e+01   3.30891301e+00   1.00873699e+00  6.1077844e+01   -8.97820434e+00   -9.63821047e+00
2.4065219e+01   2.96336952e+00   1.51310549e+00  8.7692414e+01   -1.21841235e+01   -1.38196919e+01
2.4086959e+01   2.61782603e+00   2.01747398e+00  1.1474052e+02   -1.50066629e+01   -1.80333789e+01
2.4108699e+01   2.27228254e+00   2.52184248e+00  1.4318624e+02   -1.75486710e+01   -2.23289610e+01
2.4130439e+01   1.92673904e+00   3.02621097e+00  1.7413947e+02   -1.99255349e+01   -2.67522453e+01
2.4152178e+01   1.58119555e+00   3.53057947e+00  2.0918358e+02   -2.22996489e+01   -3.14207489e+01
2.4173918e+01   1.23565206e+00   4.03494797e+00  2.5140487e+02   -2.49540297e+01   -3.67155433e+01
2.4195658e+01   8.90108567e-01   4.53931646e+00  3.1372771e+02   -2.88119184e+01   -4.47420634e+01
2.8021740e+01   3.65445651e+00   5.04368496e-01  3.7783043e+01   -7.97508045e+00   -5.69647621e+00
2.8043480e+01   3.30891301e+00   1.00873699e+00  6.8944362e+01   -1.36163665e+01   -1.06646621e+01
2.8065219e+01   2.96336952e+00   1.51310549e+00  9.9127503e+01   -1.81756697e+01   -1.55756227e+01
2.8086959e+01   2.61782603e+00   2.01747398e+00  1.2959872e+02   -2.19253650e+01   -2.06960818e+01
2.8108699e+01   2.27228254e+00   2.52184248e+00  1.6121559e+02   -2.50313854e+01   -2.61549329e+01
2.8130439e+01   1.92673904e+00   3.02621097e+00  1.9493802e+02   -2.76433178e+01   -3.20502317e+01
2.8152178e+01   1.58119555e+00   3.53057947e+00  2.3220456e+02   -2.99612225e+01   -3.85091803e+01
2.8173918e+01   1.23565206e+00   4.03494797e+00  2.7609014e+02   -3.23392210e+01   -4.59260406e+01
2.8195658e+01   8.90108567e-01   4.53931646e+00  3.4029078e+02   -3.58164035e+01   -5.69591072e+01
