-4.0271953e+00   -3.56774361e+00   6.46028714e-01  -4.5182527e+01   -3.51015744e+00   4.98354906e+00
-4.0543905e+00   -3.13548721e+00   1.29205743e+00  -8.3861727e+01   -7.21694256e+00   8.27305714e+00
-4.0815858e+00   -2.70323082e+00   1.93808614e+00  -1.2126204e+02   -1.18080048e+01   1.08293511e+01
-4.1087811e+00   -2.27097442e+00   2.58411485e+00  -1.5871196e+02   -1.72988411e+01   1.26611271e+01
-4.1359763e+00   -1.83871803e+00   3.23014357e+00  -1.9730363e+02   -2.37854956e+01   1.36937335e+01
-4.1631716e+00   -1.40646164e+00   3.87617228e+00  -2.3835380e+02   -3.14587622e+01   1.39254573e+01
-4.1903669e+00   -9.74205242e-01   4.52220100e+00  -2.8371602e+02   -4.06070047e+01   1.34959617e+01
-4.2175621e+00   -5.41948847e-01   5.16822971e+00  -3.3680082e+02   -5.17830806e+01   1.27242059e+01
-4.2447574e+00   -1.09692453e-01   5.81425842e+00  -4.1038125e+02   -6.74198912e+01   1.19342357e+01
-2.7195267e-02   -3.56774361e+00   6.46028714e-01  -4.0213547e+01   -7.13423691e+00   5.44228506e+00
-5.4390534e-02   -3.13548721e+00   1.29205743e+00  -7.4165680e+01   -1.31533534e+01   9.48550172e+00
-8.1585802e-02   -2.70323082e+00   1.93808614e+00  -1.0686715e+02   -1.91059487e+01   1.28939379e+01
-1.0878107e-01   -2.27097442e+00   2.58411485e+00  -1.3975519e+02   -2.52190952e+01   1.57707919e+01
-1.3597634e-01   -1.83871803e+00   3.23014357e+00  -1.7410553e+02   -3.17154858e+01   1.81749734e+01
-1.6317160e-01   -1.40646164e+00   3.87617228e+00  -2.1150362e+02   -3.88612008e+01   2.02114632e+01
-1.9036687e-01   -9.74205242e-01   4.52220100e+00  -2.5412135e+02   -4.70160425e+01   2.20545702e+01
-2.1756214e-01   -5.41948847e-01   5.16822971e+00  -3.0558495e+02   -5.68380123e+01   2.39929076e+01
-2.4475740e-01   -1.09692453e-01   5.81425842e+00  -3.7812181e+02   -7.07938640e+01   2.67525604e+01
3.9728047e+00   -3.56774361e+00   6.46028714e-01  -3.8026750e+01   -8.56908113e+00   5.66955647e+00
3.9456095e+00   -3.13548721e+00   1.29205743e+00  -6.9960392e+01   -1.56906011e+01   1.01717583e+01
3.9184142e+00   -2.70323082e+00   1.93808614e+00  -1.0070541e+02   -2.24631613e+01   1.42044713e+01
3.8912189e+00   -2.27097442e+00   2.58411485e+00  -1.3176296e+02   -2.91221040e+01   1.78494002e+01
3.8640237e+00   -1.83871803e+00   3.23014357e+00  -1.6446074e+02   -3.59080901e+01   2.11358900e+01
3.8368284e+00   -1.40646164e+00   3.87617228e+00  -2.0040545e+02   -4.31147550e+01   2.41452161e+01
3.8096331e+00   -9.74205242e-01   4.52220100e+00  -2.4175438e+02   -5.11346591e+01   2.70426072e+01
3.7824379e+00   -5.41948847e-01   5.16822971e+00  -2.9205638e+02   -6.06588811e+01   3.01537541e+01
3.7552426e+00   -1.09692453e-01   5.81425842e+00  -3.6315729e+02   -7.41595445e+01   3.45432223e+01
-4.0271953e+00   4.32256394e-01   6.46028714e-01  -3.8780817e+01   -5.31086178e+00   5.05389057e+00
-4.0543905e+00   8.64512788e-01   1.29205743e+00  -7.2302337e+01   -1.08735966e+01   8.42482087e+00
-4.0815858e+00   1.29676918e+00   1.93808614e+00  -1.0596055e+02   -1.72252248e+01   1.10390711e+01
-4.1087811e+00   1.72902558e+00   2.58411485e+00  -1.4131698e+02   -2.43863678e+01   1.29513954e+01
-4.1359763e+00   2.16128197e+00   3.23014357e+00  -1.7956242e+02   -3.24872273e+01   1.41709530e+01
-4.1631716e+00   2.59353836e+00   3.87617228e+00  -2.2192027e+02   -4.17728115e+01   1.47654659e+01
-4.1903669e+00   3.02579476e+00   4.52220100e+00  -2.6990405e+02   -5.25699610e+01   1.48716927e+01
-4.2175621e+00   3.45805115e+00   5.16822971e+00  -3.2640152e+02   -6.54526831e+01   1.47582404e+01
-4.2447574e+00   3.89030755e+00   5.81425842e+00  -4.0362735e+02   -8.32708704e+01   1.46737822e+01
-2.7195267e-02   4.32256394e-01   6.46028714e-01  -3.0012239e+01   -6.38674551e+00   5.21114711e+00
-5.4390534e-02   8.64512788e-01   1.29205743e+00  -5.6772094e+01   -1.20144914e+01   8.93729167e+00
-8.1585802e-02   1.29676918e+00   1.93808614e+00  -8.4524234e+01   -1.78060335e+01   1.22039725e+01
-1.0878107e-01   1.72902558e+00   2.58411485e+00  -1.1469771e+02   -2.40508662e+01   1.52596981e+01
-1.3597634e-01   2.16128197e+00   3.23014357e+00  -1.4859057e+02   -3.10723962e+01   1.82329743e+01
-1.6317160e-01   2.59353836e+00   3.87617228e+00  -1.8764206e+02   -3.92341702e+01   2.11842243e+01
-1.9036687e-01   3.02579476e+00   4.52220100e+00  -2.3359394e+02   -4.88981095e+01   2.41234979e+01
-2.1756214e-01   3.45805115e+00   5.16822971e+00  -2.8940955e+02   -6.05833016e+01   2.71729937e+01
-2.4475740e-01   3.89030755e+00   5.81425842e+00  -3.6654547e+02   -7.66995657e+01   3.11091132e+01
3.9728047e+00   4.32256394e-01   6.46028714e-01  -2.6350245e+01   -7.11078282e+00   5.41259344e+00
3.9456095e+00   8.64512788e-01   1.29205743e+00  -5.0171248e+01   -1.30485288e+01   9.61710474e+00
3.9184142e+00   1.29676918e+00   1.93808614e+00  -7.5391341e+01   -1.88703301e+01   1.35888722e+01
3.8912189e+00   1.72902558e+00   2.58411485e+00  -1.0343122e+02   -2.49354665e+01   1.75376931e+01
3.8640237e+00   2.16128197e+00   3.23014357e+00  -1.3558305e+02   -3.16257535e+01   2.15411795e+01
3.8368284e+00   2.59353836e+00   3.87617228e+00  -1.7325794e+02   -3.93498094e+01   2.56084628e+01
3.8096331e+00   3.02579476e+00   4.52220100e+00  -2.1814311e+02   -4.84885011e+01   2.97122834e+01
3.7824379e+00   3.45805115e+00   5.16822971e+00  -2.7308842e+02   -5.95367565e+01   3.40039525e+01
3.7552426e+00   3.89030755e+00   5.81425842e+00  -3.4910264e+02   -7.46897416e+01   3.96966401e+01
-4.0271953e+00   4.43225639e+00   6.46028714e-01  -3.9289556e+01   -8.84882016e+00   5.39027670e+00
-4.0543905e+00   4.86451279e+00   1.29205743e+00  -7.4173713e+01   -1.76005622e+01   9.34237902e+00
-4.0815858e+00   5.29676918e+00   1.93808614e+00  -1.1020193e+02   -2.69235613e+01   1.27164349e+01
-4.1087811e+00   5.72902558e+00   2.58411485e+00  -1.4890090e+02   -3.68589637e+01   1.56346883e+01
-4.1359763e+00   6.16128197e+00   3.23014357e+00  -1.9128055e+02   -4.75200527e+01   1.81604068e+01
-4.1631716e+00   6.59353836e+00   3.87617228e+00  -2.3828982e+02   -5.90944486e+01   2.03916959e+01
-4.1903669e+00   7.02579476e+00   4.52220100e+00  -2.9114068e+02   -7.18097641e+01   2.24642036e+01
-4.2175621e+00   7.45805115e+00   5.16822971e+00  -3.5249500e+02   -8.61384920e+01   2.46585094e+01
-4.2447574e+00   7.89030755e+00   5.81425842e+00  -4.3499807e+02   -1.05178891e+02   2.75536742e+01
-2.7195267e-02   4.43225639e+00   6.46028714e-01  -2.9783938e+01   -7.08806275e+00   5.35740002e+00
-5.4390534e-02   4.86451279e+00   1.29205743e+00  -5.7755992e+01   -1.36834939e+01   9.38864852e+00
-8.1585802e-02   5.29676918e+00   1.93808614e+00  -8.8112079e+01   -2.06726818e+01   1.31038070e+01
-1.0878107e-01   5.72902558e+00   2.58411485e+00  -1.2217132e+02   -2.83388191e+01   1.67897899e+01
-1.3597634e-01   6.16128197e+00   3.23014357e+00  -1.6099821e+02   -3.69736615e+01   2.06248660e+01
-1.6317160e-01   6.59353836e+00   3.87617228e+00  -2.0571294e+02   -4.68546482e+01   2.47007152e+01
-1.9036687e-01   7.02579476e+00   4.52220100e+00  -2.5771094e+02   -5.82080334e+01   2.90281650e+01
-2.1756214e-01   7.45805115e+00   5.16822971e+00  -3.1968521e+02   -7.14041709e+01   3.37343632e+01
-2.4475740e-01   7.89030755e+00   5.81425842e+00  -4.0357798e+02   -8.88825716e+01   3.98475731e+01
3.9728047e+00   4.43225639e+00   6.46028714e-01  -2.5743487e+01   -6.49226112e+00   5.48214557e+00
3.9456095e+00   4.86451279e+00   1.29205743e+00  -5.0741533e+01   -1.23225891e+01   9.88987840e+00
3.9184142e+00   5.29676918e+00   1.93808614e+00  -7.8734890e+01   -1.84805368e+01   1.41958110e+01
3.8912189e+00   5.72902558e+00   2.58411485e+00  -1.1096136e+02   -2.53094450e+01   1.86271905e+01
3.8640237e+00   6.16128197e+00   3.23014357e+00  -1.4843170e+02   -3.31425246e+01   2.33035051e+01
3.8368284e+00   6.59353836e+00   3.87617228e+00  -1.9220806e+02   -4.22782120e+01   2.82649879e+01
3.8096331e+00   7.02579476e+00   4.52220100e+00  -2.4361453e+02   -5.29345470e+01   3.34931883e+01
3.7824379e+00   7.45805115e+00   5.16822971e+00  -3.0522840e+02   -6.54222035e+01   3.91541092e+01
3.7552426e+00   7.89030755e+00   5.81425842e+00  -3.8860163e+02   -8.18276237e+01   4.67017917e+01
7.9728047e+00   -3.56774361e+00   6.46028714e-01  -3.7164235e+01   -9.12069461e+00   5.76283296e+00
7.9456095e+00   -3.13548721e+00   1.29205743e+00  -6.8307447e+01   -1.66864694e+01   1.04591318e+01
7.9184142e+00   -2.70323082e+00   1.93808614e+00  -9.8278591e+01   -2.38145279e+01   1.47640521e+01
7.8912189e+00   -2.27097442e+00   2.58411485e+00  -1.2859380e+02   -3.07397887e+01   1.87522193e+01
7.8640237e+00   -1.83871803e+00   3.23014357e+00  -1.6059249e+02   -3.77049622e+01   2.24414634e+01
7.8368284e+00   -1.40646164e+00   3.87617228e+00  -1.9588075e+02   -4.50092711e+01   2.59042411e+01
7.8096331e+00   -9.74205242e-01   4.52220100e+00  -2.3659979e+02   -5.30530627e+01   2.93058662e+01
7.7824379e+00   -5.41948847e-01   5.16822971e+00  -2.8625499e+02   -6.25356561e+01   3.29979391e+01
7.7552426e+00   -1.09692453e-01   5.81425842e+00  -3.5651119e+02   -7.59295172e+01   3.82191823e+01
1.1972805e+01   -3.56774361e+00   6.46028714e-01  -3.6965800e+01   -9.40159542e+00   5.81029046e+00
1.1945609e+01   -3.13548721e+00   1.29205743e+00  -6.7919724e+01   -1.71974000e+01   1.06069666e+01
1.1918414e+01   -2.70323082e+00   1.93808614e+00  -9.7697451e+01   -2.45166393e+01   1.50544363e+01
1.1891219e+01   -2.27097442e+00   2.58411485e+00  -1.2781807e+02   -3.15948466e+01   1.92245919e+01
1.1864024e+01   -1.83871803e+00   3.23014357e+00  -1.5962329e+02   -3.86757996e+01   2.31311121e+01
1.1836828e+01   -1.40646164e+00   3.87617228e+00  -1.9471831e+02   -4.60608554e+01   2.68445616e+01
1.1809633e+01   -9.74205242e-01   4.52220100e+00  -2.3523924e+02   -5.41529383e+01   3.05341746e+01
1.1782438e+01   -5.41948847e-01   5.16822971e+00  -2.8467845e+02   -6.36537197e+01   3.45712526e+01
1.1755243e+01   -1.09692453e-01   5.81425842e+00  -3.5464825e+02   -7.70351093e+01   4.03013821e+01
1.5972805e+01   -3.56774361e+00   6.46028714e-01  -3.7270877e+01   -9.69982012e+00   5.85710604e+00
1.5945609e+01   -3.13548721e+00   1.29205743e+00  -6.8480135e+01   -1.77371014e+01   1.07536491e+01
1.5918414e+01   -2.70323082e+00   1.93808614e+00  -9.8489930e+01   -2.52561758e+01   1.53423012e+01
1.5891219e+01   -2.27097442e+00   2.58411485e+00  -1.2882003e+02   -3.24944177e+01   1.96908310e+01
1.5864024e+01   -1.83871803e+00   3.23014357e+00  -1.6081327e+02   -3.96979100e+01   2.38080589e+01
1.5836828e+01   -1.40646164e+00   3.87617228e+00  -1.9607880e+02   -4.71712282e+01   2.77624899e+01
1.5809633e+01   -9.74205242e-01   4.52220100e+00  -2.3676010e+02   -5.53207250e+01   3.17274607e+01
1.5782438e+01   -5.41948847e-01   5.16822971e+00  -2.8636337e+02   -6.48512625e+01   3.60941592e+01
1.5755243e+01   -1.09692453e-01   5.81425842e+00  -3.5655370e+02   -7.82369938e+01   4.23134459e+01
7.9728047e+00   4.32256394e-01   6.46028714e-01  -2.5081285e+01   -7.39197735e+00   5.49135476e+00
7.9456095e+00   8.64512788e-01   1.29205743e+00  -4.7838448e+01   -1.34735439e+01   9.89076432e+00
7.9184142e+00   1.29676918e+00   1.93808614e+00  -7.2093623e+01   -1.93414736e+01   1.41610846e+01
7.8912189e+00   1.72902558e+00   2.58411485e+00  -9.9268645e+01   -2.53731622e+01   1.84984217e+01
7.8640237e+00   2.16128197e+00   3.23014357e+00  -1.3065442e+02   -3.19661642e+01   2.29600991e+01
7.8368284e+00   2.59353836e+00   3.87617228e+00  -1.6764913e+02   -3.95406093e+01   2.75355986e+01
7.8096331e+00   3.02579476e+00   4.52220100e+00  -2.1191458e+02   -4.84781410e+01   3.21871224e+01
7.7824379e+00   3.45805115e+00   5.16822971e+00  -2.6624977e+02   -5.92554229e+01   3.70904576e+01
7.7552426e+00   3.89030755e+00   5.81425842e+00  -3.4146191e+02   -7.39636498e+01   4.36802209e+01
1.1972805e+01   4.32256394e-01   6.46028714e-01  -2.4779362e+01   -7.52600982e+00   5.52655920e+00
1.1945609e+01   8.64512788e-01   1.29205743e+00  -4.7272294e+01   -1.36823258e+01   1.00166818e+01
1.1918414e+01   1.29676918e+00   1.93808614e+00  -7.1274294e+01   -1.95831990e+01   1.44308880e+01
1.1891219e+01   1.72902558e+00   2.58411485e+00  -9.8207196e+01   -2.56129332e+01   1.89616042e+01
1.1864024e+01   2.16128197e+00   3.23014357e+00  -1.2936146e+02   -3.21746170e+01   2.36596025e+01
1.1836828e+01   2.59353836e+00   3.87617228e+00  -1.6613168e+02   -3.96914031e+01   2.85081761e+01
1.1809633e+01   3.02579476e+00   4.52220100e+00  -2.1017239e+02   -4.85417910e+01   3.34682874e+01
1.1782438e+01   3.45805115e+00   5.16822971e+00  -2.6426745e+02   -5.91885141e+01   3.87344503e+01
1.1755243e+01   3.89030755e+00   5.81425842e+00  -3.3916254e+02   -7.36618032e+01   4.58728671e+01
1.5972805e+01   4.32256394e-01   6.46028714e-01  -2.5101214e+01   -7.66663239e+00   5.55867235e+00
1.5945609e+01   8.64512788e-01   1.29205743e+00  -4.7851149e+01   -1.39023913e+01   1.01344908e+01
1.5918414e+01   1.29676918e+00   1.93808614e+00  -7.2074998e+01   -1.98417768e+01   1.46853128e+01
1.5891219e+01   1.72902558e+00   2.58411485e+00  -9.9198104e+01   -2.58771502e+01   1.93986840e+01
1.5864024e+01   2.16128197e+00   3.23014357e+00  -1.3051439e+02   -3.24180704e+01   2.43185611e+01
1.5836828e+01   2.59353836e+00   3.87617228e+00  -1.6742337e+02   -3.98913860e+01   2.94221993e+01
1.5809633e+01   3.02579476e+00   4.52220100e+00  -2.1158587e+02   -4.86728901e+01   3.46694408e+01
1.5782438e+01   3.45805115e+00   5.16822971e+00  -2.6579652e+02   -5.92120495e+01   4.02729494e+01
1.5755243e+01   3.89030755e+00   5.81425842e+00  -3.4084591e+02   -7.34829330e+01   4.79245764e+01
7.9728047e+00   4.43225639e+00   6.46028714e-01  -2.4332302e+01   -6.29937842e+00   5.53437632e+00
7.9456095e+00   4.86451279e+00   1.29205743e+00  -4.8225215e+01   -1.18701217e+01   1.01044480e+01
7.9184142e+00   5.29676918e+00   1.93808614e+00  -7.5270484e+01   -1.77347062e+01   1.46752326e+01
7.8912189e+00   5.72902558e+00   2.58411485e+00  -1.0668567e+02   -2.42514182e+01   1.94526401e+01
7.8640237e+00   6.16128197e+00   3.23014357e+00  -1.4346803e+02   -3.17614151e+01   2.45324862e+01
7.8368284e+00   6.59353836e+00   3.87617228e+00  -1.8666199e+02   -4.05637443e+01   2.99347982e+01
7.8096331e+00   7.02579476e+00   4.52220100e+00  -2.3756714e+02   -5.08657291e+01   3.56336455e+01
7.7824379e+00   7.45805115e+00   5.16822971e+00  -2.9871586e+02   -6.29447392e+01   4.18245698e+01
7.7552426e+00   7.89030755e+00   5.81425842e+00  -3.8147979e+02   -7.87122189e+01   5.01927398e+01
1.1972805e+01   4.43225639e+00   6.46028714e-01  -2.3976617e+01   -6.22209703e+00   5.55756325e+00
1.1945609e+01   4.86451279e+00   1.29205743e+00  -4.7572741e+01   -1.16835178e+01   1.02042547e+01
1.1918414e+01   5.29676918e+00   1.93808614e+00  -7.4342076e+01   -1.74194101e+01   1.49061147e+01
1.1891219e+01   5.72902558e+00   2.58411485e+00  -1.0549797e+02   -2.37916898e+01   1.98624861e+01
1.1864024e+01   6.16128197e+00   3.23014357e+00  -1.4203550e+02   -3.11419387e+01   2.51610793e+01
1.1836828e+01   6.59353836e+00   3.87617228e+00  -1.8499566e+02   -3.97660923e+01   3.08152421e+01
1.1809633e+01   7.02579476e+00   4.52220100e+00  -2.3567238e+02   -4.98623852e+01   3.67991462e+01
1.1782438e+01   7.45805115e+00   5.16822971e+00  -2.9658518e+02   -6.16862985e+01   4.33300459e+01
1.1755243e+01   7.89030755e+00   5.81425842e+00  -3.7904541e+02   -7.70449012e+01   5.22364824e+01
1.5972805e+01   4.43225639e+00   6.46028714e-01  -2.4275851e+01   -6.15195966e+00   5.57707152e+00
1.5945609e+01   4.86451279e+00   1.29205743e+00  -4.8092984e+01   -1.15147660e+01   1.02933209e+01
1.5918414e+01   5.29676918e+00   1.93808614e+00  -7.5037824e+01   -1.71368976e+01   1.51156156e+01
1.5891219e+01   5.72902558e+00   2.58411485e+00  -1.0633082e+02   -2.33837143e+01   2.02358334e+01
1.5864024e+01   6.16128197e+00   3.23014357e+00  -1.4297217e+02   -3.05971597e+01   2.57336956e+01
1.5836828e+01   6.59353836e+00   3.87617228e+00  -1.8600773e+02   -3.90700625e+01   3.16163645e+01
1.5809633e+01   7.02579476e+00   4.52220100e+00  -2.3673644e+02   -4.89917366e+01   3.78583292e+01
1.5782438e+01   7.45805115e+00   5.16822971e+00  -2.9768545e+02   -6.05968611e+01   4.46973539e+01
1.5755243e+01   7.89030755e+00   5.81425842e+00  -3.8019693e+02   -7.55972451e+01   5.40949840e+01
1.9972805e+01   -3.56774361e+00   6.46028714e-01  -3.8298024e+01   -1.03239252e+01   5.94839612e+00
1.9945609e+01   -3.13548721e+00   1.29205743e+00  -7.0394793e+01   -1.88530633e+01   1.10370892e+01
1.9918414e+01   -2.70323082e+00   1.93808614e+00  -1.0122910e+02   -2.67636618e+01   1.58916081e+01
1.9891219e+01   -2.27097442e+00   2.58411485e+00  -1.3231348e+02   -3.42986056e+01   2.05676549e+01
1.9864024e+01   -1.83871803e+00   3.23014357e+00  -1.6498733e+02   -4.17115670e+01   2.50606197e+01
1.9836828e+01   -1.40646164e+00   3.87617228e+00  -2.0086861e+02   -4.93171686e+01   2.94305312e+01
1.9809633e+01   -9.74205242e-01   4.52220100e+00  -2.4212357e+02   -5.75327537e+01   3.38524404e+01
1.9782438e+01   -5.41948847e-01   5.16822971e+00  -2.9230606e+02   -6.70745469e+01   3.87448524e+01
1.9755243e+01   -1.09692453e-01   5.81425842e+00  -3.6326635e+02   -8.04295597e+01   4.57262665e+01
2.3972805e+01   -3.56774361e+00   6.46028714e-01  -4.0823219e+01   -1.19957426e+01   6.17066548e+00
2.3945609e+01   -3.13548721e+00   1.29205743e+00  -7.5125186e+01   -2.17924710e+01   1.17054703e+01
2.3918414e+01   -2.70323082e+00   1.93808614e+00  -1.0800669e+02   -3.06630399e+01   1.71536926e+01
2.3891219e+01   -2.27097442e+00   2.58411485e+00  -1.4094344e+02   -3.88795484e+01   2.25465897e+01
2.3864024e+01   -1.83871803e+00   3.23014357e+00  -1.7524725e+02   -4.67268713e+01   2.78551331e+01
2.3836828e+01   -1.40646164e+00   3.87617228e+00  -2.1253421e+02   -5.45534692e+01   3.31229013e+01
2.3809633e+01   -9.74205242e-01   4.52220100e+00  -2.5499953e+02   -6.28116566e+01   3.85215971e+01
2.3782438e+01   -5.41948847e-01   5.16822971e+00  -3.0628558e+02   -7.22554360e+01   4.45086901e+01
2.3755243e+01   -1.09692453e-01   5.81425842e+00  -3.7864534e+02   -8.54218593e+01   5.30219731e+01
2.7972805e+01   -3.56774361e+00   6.46028714e-01  -4.6408321e+01   -1.64393780e+01   6.56851005e+00
2.7945609e+01   -3.13548721e+00   1.29205743e+00  -8.5744675e+01   -2.93322878e+01   1.26910180e+01
2.7918414e+01   -2.70323082e+00   1.93808614e+00  -1.2359154e+02   -4.04943144e+01   1.88280078e+01
2.7891219e+01   -2.27097442e+00   2.58411485e+00  -1.6139194e+02   -5.03917353e+01   2.52175833e+01
2.7864024e+01   -1.83871803e+00   3.23014357e+00  -2.0025260e+02   -5.93500251e+01   3.20114220e+01
2.7836828e+01   -1.40646164e+00   3.87617228e+00  -2.4146144e+02   -6.76954409e+01   3.93504462e+01
2.7809633e+01   -9.74205242e-01   4.52220100e+00  -2.8684206e+02   -7.58750521e+01   4.73906367e+01
2.7782438e+01   -5.41948847e-01   5.16822971e+00  -3.3982059e+02   -8.47305617e+01   5.64830826e+01
2.7755243e+01   -1.09692453e-01   5.81425842e+00  -4.1333038e+02   -9.70342177e+01   6.88970485e+01
1.9972805e+01   4.32256394e-01   6.46028714e-01  -2.6381724e+01   -7.97123120e+00   5.62362190e+00
1.9945609e+01   8.64512788e-01   1.29205743e+00  -5.0154598e+01   -1.43696399e+01   1.03701155e+01
1.9918414e+01   1.29676918e+00   1.93808614e+00  -7.5260861e+01   -2.03806988e+01   1.51842887e+01
1.9891219e+01   1.72902558e+00   2.58411485e+00  -1.0313801e+02   -2.64191721e+01   2.02368112e+01
1.9864024e+01   2.16128197e+00   3.23014357e+00  -1.3509260e+02   -3.29131977e+01   2.55521991e+01
1.9836828e+01   2.59353836e+00   3.87617228e+00  -1.7254407e+02   -4.03025648e+01   3.10903053e+01
1.9809633e+01   3.02579476e+00   4.52220100e+00  -2.1718049e+02   -4.89642367e+01   3.68020277e+01
1.9782438e+01   3.45805115e+00   5.16822971e+00  -2.7184286e+02   -5.93309152e+01   4.29227333e+01
1.9755243e+01   3.89030755e+00   5.81425842e+00  -3.4750055e+02   -7.32926167e+01   5.13410887e+01
2.3972805e+01   4.32256394e-01   6.46028714e-01  -2.9935256e+01   -8.77226312e+00   5.77150220e+00
2.3945609e+01   8.64512788e-01   1.29205743e+00  -5.6435836e+01   -1.55818452e+01   1.08909563e+01
2.3918414e+01   1.29676918e+00   1.93808614e+00  -8.3812857e+01   -2.17676278e+01   1.62698386e+01
2.3891219e+01   1.72902558e+00   2.58411485e+00  -1.1355932e+02   -2.78144462e+01   2.20502947e+01
2.3864024e+01   2.16128197e+00   3.23014357e+00  -1.4701629e+02   -3.42040262e+01   2.82209172e+01
2.3836828e+01   2.59353836e+00   3.87617228e+00  -1.8564235e+02   -4.14132233e+01   3.47007715e+01
2.3809633e+01   3.02579476e+00   4.52220100e+00  -2.3117826e+02   -4.98292579e+01   4.14054119e+01
2.3782438e+01   3.45805115e+00   5.16822971e+00  -2.8656598e+02   -5.98588686e+01   4.85892001e+01
2.3755243e+01   3.89030755e+00   5.81425842e+00  -3.6318527e+02   -7.32409127e+01   5.85052648e+01
2.7972805e+01   4.32256394e-01   6.46028714e-01  -3.7227462e+01   -1.06091643e+01   5.72059317e+00
2.7945609e+01   8.64512788e-01   1.29205743e+00  -6.9543586e+01   -1.86238809e+01   1.08143236e+01
2.7918414e+01   1.29676918e+00   1.93808614e+00  -1.0232615e+02   -2.56101811e+01   1.64945919e+01
2.7891219e+01   1.72902558e+00   2.58411485e+00  -1.3712488e+02   -3.21717691e+01   2.31806489e+01
2.7864024e+01   2.16128197e+00   3.23014357e+00  -1.7506737e+02   -3.88440703e+01   3.09956679e+01
2.7836828e+01   2.59353836e+00   3.87617228e+00  -2.1728609e+02   -4.61046179e+01   3.98287435e+01
2.7809633e+01   3.02579476e+00   4.52220100e+00  -2.6519280e+02   -5.42940315e+01   4.94203032e+01
2.7782438e+01   3.45805115e+00   5.16822971e+00  -3.2158482e+02   -6.37590106e+01   5.98045373e+01
2.7755243e+01   3.89030755e+00   5.81425842e+00  -3.9859272e+02   -7.60836929e+01   7.35915479e+01
1.9972805e+01   4.43225639e+00   6.46028714e-01  -2.5535786e+01   -5.99235005e+00   5.61279145e+00
1.9945609e+01   4.86451279e+00   1.29205743e+00  -5.0284549e+01   -1.11487182e+01   1.04576361e+01
1.9918414e+01   5.29676918e+00   1.93808614e+00  -7.7976907e+01   -1.65500157e+01   1.54947846e+01
1.9891219e+01   5.72902558e+00   2.58411485e+00  -1.0986555e+02   -2.25734429e+01   2.08937635e+01
1.9864024e+01   6.16128197e+00   3.23014357e+00  -1.4697404e+02   -2.95664335e+01   2.67134999e+01
1.9836828e+01   6.59353836e+00   3.87617228e+00  -1.9037106e+02   -3.78204906e+01   3.29447075e+01
1.9809633e+01   7.02579476e+00   4.52220100e+00  -2.4137993e+02   -4.75133178e+01   3.95562731e+01
1.9782438e+01   7.45805115e+00   5.16822971e+00  -3.0256477e+02   -5.88495821e+01   4.68110884e+01
1.9755243e+01   7.89030755e+00   5.81425842e+00  -3.8540567e+02   -7.34028683e+01   5.68603176e+01
2.3972805e+01   4.43225639e+00   6.46028714e-01  -2.8958356e+01   -5.56870192e+00   5.67469000e+00
2.3945609e+01   4.86451279e+00   1.29205743e+00  -5.6118328e+01   -1.02147384e+01   1.07594154e+01
2.3918414e+01   5.29676918e+00   1.93808614e+00  -8.5654748e+01   -1.50951811e+01   1.62042766e+01
2.3891219e+01   5.72902558e+00   2.58411485e+00  -1.1892930e+02   -2.06219363e+01   2.21380318e+01
2.3864024e+01   6.16128197e+00   3.23014357e+00  -1.5703073e+02   -2.71639627e+01   2.85801068e+01
2.3836828e+01   6.59353836e+00   3.87617228e+00  -2.0108179e+02   -3.50191843e+01   3.54816338e+01
2.3809633e+01   7.02579476e+00   4.52220100e+00  -2.5246296e+02   -4.43495048e+01   4.27825332e+01
2.3782438e+01   7.45805115e+00   5.16822971e+00  -3.1382877e+02   -5.53079013e+01   5.07665136e+01
2.3755243e+01   7.89030755e+00   5.81425842e+00  -3.9697264e+02   -6.92228962e+01   6.18965748e+01
2.7972805e+01   4.43225639e+00   6.46028714e-01  -3.5609837e+01   -5.23647594e+00   5.43116105e+00
2.7945609e+01   4.86451279e+00   1.29205743e+00  -6.7952261e+01   -9.35095189e+00   1.01756397e+01
2.7918414e+01   5.29676918e+00   1.93808614e+00  -1.0214736e+02   -1.35515381e+01   1.55430686e+01
2.7891219e+01   5.72902558e+00   2.58411485e+00  -1.3957350e+02   -1.83324532e+01   2.19114838e+01
2.7864024e+01   6.16128197e+00   3.23014357e+00  -1.8109599e+02   -2.41106239e+01   2.94133173e+01
2.7836828e+01   6.59353836e+00   3.87617228e+00  -2.2752557e+02   -3.11940863e+01   3.79525664e+01
2.7809633e+01   7.02579476e+00   4.52220100e+00  -2.7995132e+02   -3.97252761e+01   4.72863295e+01
2.7782438e+01   7.45805115e+00   5.16822971e+00  -3.4092769e+02   -4.98258390e+01   5.74651506e+01
2.7755243e+01   7.89030755e+00   5.81425842e+00  -4.2287867e+02   -6.25483398e+01   7.11518474e+01
