2.7494108e+01   -3.85842353e+01   5.04368496e-01  3.5745728e+01   -3.34948078e+00   -4.85708644e+00
2.7515848e+01   -3.89297788e+01   1.00873699e+00  6.5885964e+01   -6.40481793e+00   -8.22778023e+00
2.7537588e+01   -3.92753223e+01   1.51310549e+00  9.6378776e+01   -9.69368287e+00   -1.10542666e+01
2.7559328e+01   -3.96208658e+01   2.01747398e+00  1.2858059e+02   -1.31994947e+01   -1.35587918e+01
2.7581067e+01   -3.99664093e+01   2.52184248e+00  1.6325838e+02   -1.69113961e+01   -1.58388955e+01
2.7602807e+01   -4.03119528e+01   3.02621097e+00  2.0114462e+02   -2.08415203e+01   -1.79941909e+01
2.7624547e+01   -4.06574963e+01   3.53057947e+00  2.4338491e+02   -2.50443760e+01   -2.01834025e+01
2.7646287e+01   -4.10030398e+01   4.03494797e+00  2.9286377e+02   -2.97501061e+01   -2.27085084e+01
2.7668026e+01   -4.13485833e+01   4.53931646e+00  3.6396244e+02   -3.65739192e+01   -2.63257913e+01
3.1494108e+01   -3.85842353e+01   5.04368496e-01  3.0151653e+01   -1.99071644e+00   -4.92334648e+00
3.1515848e+01   -3.89297788e+01   1.00873699e+00  5.6500843e+01   -3.45963083e+00   -8.70318588e+00
3.1537588e+01   -3.92753223e+01   1.51310549e+00  8.4103577e+01   -5.09153796e+00   -1.23264710e+01
3.1559328e+01   -3.96208658e+01   2.01747398e+00  1.1417240e+02   -6.98901216e+00   -1.59841926e+01
3.1581067e+01   -3.99664093e+01   2.52184248e+00  1.4746398e+02   -9.21720180e+00   -1.97375260e+01
3.1602807e+01   -4.03119528e+01   3.02621097e+00  1.8475020e+02   -1.18080273e+01   -2.36225746e+01
3.1624547e+01   -4.06574963e+01   3.53057947e+00  2.2720396e+02   -1.47854993e+01   -2.77231663e+01
3.1646287e+01   -4.10030398e+01   4.03494797e+00  2.7762938e+02   -1.82610428e+01   -3.23483309e+01
3.1668026e+01   -4.13485833e+01   4.53931646e+00  3.4988286e+02   -2.29584057e+01   -3.92389159e+01
3.5494108e+01   -3.85842353e+01   5.04368496e-01  3.3496443e+01   -9.65804987e-01   -5.02874566e+00
3.5515848e+01   -3.89297788e+01   1.00873699e+00  6.2272987e+01   -1.22767325e+00   -9.20942706e+00
3.5537588e+01   -3.92753223e+01   1.51310549e+00  9.1988695e+01   -1.56525565e+00   -1.35640836e+01
3.5559328e+01   -3.96208658e+01   2.01747398e+00  1.2391278e+02   -2.16134320e+00   -1.82879119e+01
3.5581067e+01   -3.99664093e+01   2.52184248e+00  1.5872438e+02   -3.13145426e+00   -2.34289917e+01
3.5602807e+01   -4.03119528e+01   3.02621097e+00  1.9705536e+02   -4.51808380e+00   -2.89763070e+01
3.5624547e+01   -4.06574963e+01   3.53057947e+00  2.3993561e+02   -6.31858488e+00   -3.49493667e+01
3.5646287e+01   -4.10030398e+01   4.03494797e+00  2.9011167e+02   -8.54568667e+00   -4.16632064e+01
3.5668026e+01   -4.13485833e+01   4.53931646e+00  3.6173363e+02   -1.11424329e+01   -5.17653396e+01
2.7494108e+01   -3.45842353e+01   5.04368496e-01  3.5502342e+01   -1.41316786e+00   -4.64616026e+00
2.7515848e+01   -3.49297788e+01   1.00873699e+00  6.4939349e+01   -2.79597761e+00   -7.69125307e+00
2.7537588e+01   -3.52753223e+01   1.51310549e+00  9.4183403e+01   -4.56201678e+00   -1.01246381e+01
2.7559328e+01   -3.56208658e+01   2.01747398e+00  1.2456599e+02   -6.66752777e+00   -1.21211634e+01
2.7581067e+01   -3.59664093e+01   2.52184248e+00  1.5689707e+02   -9.09858988e+00   -1.37458703e+01
2.7602807e+01   -3.63119528e+01   3.02621097e+00  1.9201209e+02   -1.18852178e+01   -1.50766354e+01
2.7624547e+01   -3.66574963e+01   3.53057947e+00  2.3118893e+02   -1.51124607e+01   -1.62593908e+01
2.7646287e+01   -3.70030398e+01   4.03494797e+00  2.7739030e+02   -1.90110174e+01   -1.75676217e+01
2.7668026e+01   -3.73485833e+01   4.53931646e+00  3.4450068e+02   -2.48823177e+01   -1.95353199e+01
3.1494108e+01   -3.45842353e+01   5.04368496e-01  3.0085476e+01   -2.58793334e+00   -4.93535863e+00
3.1515848e+01   -3.49297788e+01   1.00873699e+00  5.5733452e+01   -4.42534451e+00   -8.71118816e+00
3.1537588e+01   -3.52753223e+01   1.51310549e+00  8.1943743e+01   -6.25002516e+00   -1.23194153e+01
3.1559328e+01   -3.56208658e+01   2.01747398e+00  1.0991834e+02   -8.16443271e+00   -1.59524633e+01
3.1581067e+01   -3.59664093e+01   2.52184248e+00  1.4047726e+02   -1.02347822e+01   -1.96435505e+01
3.1602807e+01   -3.63119528e+01   3.02621097e+00  1.7452188e+02   -1.25148502e+01   -2.33925348e+01
3.1624547e+01   -3.66574963e+01   3.53057947e+00  2.1338772e+02   -1.50725211e+01   -2.72553436e+01
3.1646287e+01   -3.70030398e+01   4.03494797e+00  2.5998326e+02   -1.80743648e+01   -3.15248821e+01
3.1668026e+01   -3.73485833e+01   4.53931646e+00  3.2761833e+02   -2.22795774e+01   -3.78933679e+01
3.5494108e+01   -3.45842353e+01   5.04368496e-01  3.3660579e+01   -3.81476988e+00   -5.25347663e+00
3.5515848e+01   -3.49297788e+01   1.00873699e+00  6.1941916e+01   -6.30148513e+00   -9.74422442e+00
3.5537588e+01   -3.52753223e+01   1.51310549e+00  9.0510670e+01   -8.43670399e+00   -1.44557630e+01
3.5559328e+01   -3.56208658e+01   2.01747398e+00  1.2066571e+02   -1.04299676e+01   -1.96311619e+01
3.5581067e+01   -3.59664093e+01   2.52184248e+00  1.5317235e+02   -1.24011557e+01   -2.53040186e+01
3.5602807e+01   -3.63119528e+01   3.02621097e+00  1.8879739e+02   -1.44109686e+01   -3.14255340e+01
3.5624547e+01   -3.66574963e+01   3.53057947e+00  2.2872380e+02   -1.64993201e+01   -3.79841378e+01
3.5646287e+01   -3.70030398e+01   4.03494797e+00  2.7579113e+02   -1.87696657e+01   -4.52998478e+01
3.5668026e+01   -3.73485833e+01   4.53931646e+00  3.4370186e+02   -2.15346089e+01   -5.61597473e+01
2.7494108e+01   -3.05842353e+01   5.04368496e-01  3.9778518e+01   1.35836810e-01   -4.53911752e+00
2.7515848e+01   -3.09297788e+01   1.00873699e+00  7.2609180e+01   1.09912072e-01   -7.51197080e+00
2.7537588e+01   -3.12753223e+01   1.51310549e+00  1.0428554e+02   -4.56428858e-01   -9.97025863e+00
2.7559328e+01   -3.16208658e+01   2.01747398e+00  1.3603219e+02   -1.52161889e+00   -1.20523434e+01
2.7581067e+01   -3.19664093e+01   2.52184248e+00  1.6868722e+02   -3.06562556e+00   -1.37769064e+01
2.7602807e+01   -3.23119528e+01   3.02621097e+00  2.0323119e+02   -5.10300950e+00   -1.51775485e+01
2.7624547e+01   -3.26574963e+01   3.53057947e+00  2.4117562e+02   -7.68642753e+00   -1.63698373e+01
2.7646287e+01   -3.30030398e+01   4.03494797e+00  2.8575684e+02   -1.09606938e+01   -1.76201977e+01
2.7668026e+01   -3.33485833e+01   4.53931646e+00  3.5120518e+02   -1.57806435e+01   -1.96007770e+01
3.1494108e+01   -3.05842353e+01   5.04368496e-01  3.6599592e+01   -3.90438304e+00   -5.09115974e+00
3.1515848e+01   -3.09297788e+01   1.00873699e+00  6.6660613e+01   -6.62705510e+00   -9.01067324e+00
3.1537588e+01   -3.12753223e+01   1.51310549e+00  9.5763469e+01   -9.01833364e+00   -1.26176905e+01
3.1559328e+01   -3.16208658e+01   2.01747398e+00  1.2520625e+02   -1.12152933e+01   -1.61098329e+01
3.1581067e+01   -3.19664093e+01   2.52184248e+00  1.5594036e+02   -1.33093285e+01   -1.95583467e+01
3.1602807e+01   -3.23119528e+01   3.02621097e+00  1.8909170e+02   -1.53997704e+01   -2.30241550e+01
3.1624547e+01   -3.26574963e+01   3.53057947e+00  2.2630741e+02   -1.76297018e+01   -2.66173412e+01
3.1646287e+01   -3.30030398e+01   4.03494797e+00  2.7084860e+02   -2.02595494e+01   -3.06443874e+01
3.1668026e+01   -3.33485833e+01   4.53931646e+00  3.3648824e+02   -2.42089954e+01   -3.66779172e+01
3.5494108e+01   -3.05842353e+01   5.04368496e-01  3.9220061e+01   -7.59885943e+00   -5.63733726e+00
3.5515848e+01   -3.09297788e+01   1.00873699e+00  7.1607638e+01   -1.29304488e+01   -1.04824149e+01
3.5537588e+01   -3.12753223e+01   1.51310549e+00  1.0298715e+02   -1.72145299e+01   -1.52169719e+01
3.5559328e+01   -3.16208658e+01   2.01747398e+00  1.3464321e+02   -2.07224874e+01   -2.01092805e+01
3.5581067e+01   -3.19664093e+01   2.52184248e+00  1.6744201e+02   -2.36205534e+01   -2.52928676e+01
3.5602807e+01   -3.23119528e+01   3.02621097e+00  2.0236142e+02   -2.60574073e+01   -3.08668477e+01
3.5624547e+01   -3.26574963e+01   3.53057947e+00  2.4087837e+02   -2.82313584e+01   -3.69493572e+01
3.5646287e+01   -3.30030398e+01   4.03494797e+00  2.8616350e+02   -3.04927355e+01   -4.38990533e+01
3.5668026e+01   -3.33485833e+01   4.53931646e+00  3.5237395e+02   -3.38720075e+01   -5.41734046e+01
3.6600933e+01   4.27137347e+01   5.04368496e-01  3.4703655e+01   -2.84521543e+00   -4.78240939e+00
3.6622673e+01   4.23681912e+01   1.00873699e+00  6.3872351e+01   -5.34585726e+00   -8.03746984e+00
3.6644413e+01   4.20226477e+01   1.51310549e+00  9.3306017e+01   -8.02152997e+00   -1.07267855e+01
3.6666153e+01   4.16771042e+01   2.01747398e+00  1.2432831e+02   -1.08526161e+01   -1.30604296e+01
3.6687892e+01   4.13315607e+01   2.52184248e+00  1.5768924e+02   -1.38258452e+01   -1.51264440e+01
3.6709632e+01   4.09860172e+01   3.02621097e+00  1.9410400e+02   -1.69502259e+01   -1.70163848e+01
3.6731372e+01   4.06404737e+01   3.53057947e+00  2.3468556e+02   -2.02704799e+01   -1.88809083e+01
3.6753112e+01   4.02949302e+01   4.03494797e+00  2.8222224e+02   -2.39711669e+01   -2.10100363e+01
3.6774851e+01   3.99493867e+01   4.53931646e+00  3.5057156e+02   -2.93398420e+01   -2.41589058e+01
4.0600933e+01   4.27137347e+01   5.04368496e-01  2.9609738e+01   -1.54898401e+00   -4.85647286e+00
4.0622673e+01   4.23681912e+01   1.00873699e+00  5.5418836e+01   -2.55859736e+00   -8.52625706e+00
4.0644413e+01   4.20226477e+01   1.51310549e+00  8.2387224e+01   -3.69686533e+00   -1.20115530e+01
4.0666153e+01   4.16771042e+01   2.01747398e+00  1.1169666e+02   -5.05862539e+00   -1.54911905e+01
4.0687892e+01   4.13315607e+01   2.52184248e+00  1.4408174e+02   -6.70405174e+00   -1.90164773e+01
4.0709632e+01   4.09860172e+01   3.02621097e+00  1.8029169e+02   -8.66171959e+00   -2.26158503e+01
4.0731372e+01   4.06404737e+01   3.53057947e+00  2.2146673e+02   -1.09485794e+01   -2.63664287e+01
4.0753112e+01   4.02949302e+01   4.03494797e+00  2.7033522e+02   -1.36423375e+01   -3.05650283e+01
4.0774851e+01   3.99493867e+01   4.53931646e+00  3.4037041e+02   -1.72239578e+01   -3.69112943e+01
4.4600933e+01   4.27137347e+01   5.04368496e-01  3.3128303e+01   -9.14974693e-01   -5.01467190e+00
4.4622673e+01   4.23681912e+01   1.00873699e+00  6.1527333e+01   -1.14164310e+00   -9.16997801e+00
4.4644413e+01   4.20226477e+01   1.51310549e+00  9.0781224e+01   -1.45409383e+00   -1.34926461e+01
4.4666153e+01   4.16771042e+01   2.01747398e+00  1.2213102e+02   -2.03112843e+00   -1.81767067e+01
4.4687892e+01   4.13315607e+01   2.52184248e+00  1.5623533e+02   -2.98486626e+00   -2.32685266e+01
4.4709632e+01   4.09860172e+01   3.02621097e+00  1.9370660e+02   -4.35513442e+00   -2.87554228e+01
4.4731372e+01   4.06404737e+01   3.53057947e+00  2.3554879e+02   -6.13695290e+00   -3.46558188e+01
4.4753112e+01   4.02949302e+01   4.03494797e+00  2.8444886e+02   -8.34023970e+00   -4.12831363e+01
4.4774851e+01   3.99493867e+01   4.53931646e+00  3.5425375e+02   -1.08994161e+01   -5.12686366e+01
3.6600933e+01   4.67137347e+01   5.04368496e-01  3.4940629e+01   -1.29348876e+00   -4.63015445e+00
3.6622673e+01   4.63681912e+01   1.00873699e+00  6.3863315e+01   -2.52576625e+00   -7.65759934e+00
3.6644413e+01   4.60226477e+01   1.51310549e+00  9.2555391e+01   -4.11036858e+00   -1.00778909e+01
3.6666153e+01   4.56771042e+01   2.01747398e+00  1.2232986e+02   -6.00001316e+00   -1.20621736e+01
3.6687892e+01   4.53315607e+01   2.52184248e+00  1.5398461e+02   -8.17604337e+00   -1.36720907e+01
3.6709632e+01   4.49860172e+01   3.02621097e+00  1.8834039e+02   -1.06616911e+01   -1.49828233e+01
3.6731372e+01   4.46404737e+01   3.53057947e+00  2.2664978e+02   -1.35301630e+01   -1.61386310e+01
3.6753112e+01   4.42949302e+01   4.03494797e+00  2.7181394e+02   -1.69825750e+01   -1.74145711e+01
3.6774851e+01   4.39493867e+01   4.53931646e+00  3.3742444e+02   -2.21600497e+01   -1.93960840e+01
4.0600933e+01   4.67137347e+01   5.04368496e-01  2.9768370e+01   -2.46435850e+00   -4.91811932e+00
4.0622673e+01   4.63681912e+01   1.00873699e+00  5.5120789e+01   -4.16958855e+00   -8.66908244e+00
4.0644413e+01   4.60226477e+01   1.51310549e+00  8.1005120e+01   -5.84852471e+00   -1.22491230e+01
4.0666153e+01   4.56771042e+01   2.01747398e+00  1.0860810e+02   -7.59967803e+00   -1.58461347e+01
4.0687892e+01   4.53315607e+01   2.52184248e+00  1.3873693e+02   -9.48561261e+00   -1.94897573e+01
4.0709632e+01   4.49860172e+01   3.02621097e+00  1.7227733e+02   -1.15556367e+01   -2.31776303e+01
4.0731372e+01   4.46404737e+01   3.53057947e+00  2.1054156e+02   -1.38697154e+01   -2.69646693e+01
4.0753112e+01   4.42949302e+01   4.03494797e+00  2.5639102e+02   -1.65741753e+01   -3.11433282e+01
4.0774851e+01   4.39493867e+01   4.53931646e+00  3.2293347e+02   -2.03228932e+01   -3.74179261e+01
4.4600933e+01   4.67137347e+01   5.04368496e-01  3.3429465e+01   -3.83124516e+00   -5.25195563e+00
4.4622673e+01   4.63681912e+01   1.00873699e+00  6.1497365e+01   -6.34166039e+00   -9.73923931e+00
4.4644413e+01   4.60226477e+01   1.51310549e+00  8.9829437e+01   -8.50748979e+00   -1.44458030e+01
4.4666153e+01   4.56771042e+01   2.01747398e+00  1.1971155e+02   -1.05382763e+01   -1.96143387e+01
4.4687892e+01   4.53315607e+01   2.52184248e+00  1.5189846e+02   -1.25543033e+01   -2.52779065e+01
4.4709632e+01   4.49860172e+01   3.02621097e+00  1.8714501e+02   -1.46167729e+01   -3.13873104e+01
4.4731372e+01   4.46404737e+01   3.53057947e+00  2.2661698e+02   -1.67662045e+01   -3.79310007e+01
4.4753112e+01   4.42949302e+01   4.03494797e+00  2.7311894e+02   -1.91087253e+01   -4.52290956e+01
4.4774851e+01   4.39493867e+01   4.53931646e+00  3.4020265e+02   -2.19787597e+01   -5.60600487e+01
3.6600933e+01   5.07137347e+01   5.04368496e-01  3.9467845e+01   1.71823305e-01   -4.53871948e+00
3.6622673e+01   5.03681912e+01   1.00873699e+00  7.2005973e+01   1.93156539e-01   -7.51901290e+00
3.6644413e+01   5.00226477e+01   1.51310549e+00  1.0336532e+02   -3.16543526e-01   -9.99489163e+00
3.6666153e+01   4.96771042e+01   2.01747398e+00  1.3476168e+02   -1.31353381e+00   -1.21039847e+01
3.6687892e+01   4.93315607e+01   2.52184248e+00  1.6702658e+02   -2.77446330e+00   -1.38644042e+01
3.6709632e+01   4.89860172e+01   3.02621097e+00  2.0113140e+02   -4.70941421e+00   -1.53094094e+01
3.6731372e+01   4.86404737e+01   3.53057947e+00  2.3857147e+02   -7.16414213e+00   -1.65551117e+01
3.6753112e+01   4.82949302e+01   4.03494797e+00  2.8254530e+02   -1.02686302e+01   -1.78730705e+01
3.6774851e+01   4.79493867e+01   4.53931646e+00  3.4711031e+02   -1.48035803e+01   -1.99890180e+01
4.0600933e+01   5.07137347e+01   5.04368496e-01  3.6387372e+01   -3.84728562e+00   -5.08723255e+00
4.0622673e+01   5.03681912e+01   1.00873699e+00  6.6254028e+01   -6.51788512e+00   -9.00592702e+00
4.0644413e+01   5.00226477e+01   1.51310549e+00  9.5149050e+01   -8.85944536e+00   -1.26174596e+01
4.0666153e+01   4.96771042e+01   2.01747398e+00  1.2436237e+02   -1.10063837e+01   -1.61174371e+01
4.0687892e+01   4.93315607e+01   2.52184248e+00  1.5483819e+02   -1.30475624e+01   -1.95754534e+01
4.0709632e+01   4.89860172e+01   3.02621097e+00  1.8769277e+02   -1.50794136e+01   -2.30514002e+01
4.0731372e+01   4.86404737e+01   3.53057947e+00  2.2455826e+02   -1.72406268e+01   -2.66554230e+01
4.0753112e+01   4.82949302e+01   4.03494797e+00  2.6866589e+02   -1.97823424e+01   -3.06966978e+01
4.0774851e+01   4.79493867e+01   4.53931646e+00  3.3366558e+02   -2.35810260e+01   -3.67723596e+01
4.4600933e+01   5.07137347e+01   5.04368496e-01  3.9047407e+01   -7.62925589e+00   -5.64183883e+00
4.4622673e+01   5.03681912e+01   1.00873699e+00  7.1280173e+01   -1.29991580e+01   -1.04948449e+01
4.4644413e+01   5.00226477e+01   1.51310549e+00  1.0249646e+02   -1.73306113e+01   -1.52389122e+01
4.4666153e+01   4.96771042e+01   2.01747398e+00  1.3397394e+02   -2.08949281e+01   -2.01416052e+01
4.4687892e+01   4.93315607e+01   2.52184248e+00  1.6657303e+02   -2.38584756e+01   -2.53358773e+01
4.4709632e+01   4.89860172e+01   3.02621097e+00  2.0126427e+02   -2.63705605e+01   -3.09206681e+01
4.4731372e+01   4.86404737e+01   3.53057947e+00  2.3951355e+02   -2.86312217e+01   -3.70145541e+01
4.4753112e+01   4.82949302e+01   4.03494797e+00  2.8446910e+02   -3.09963131e+01   -4.39772282e+01
4.4774851e+01   4.79493867e+01   4.53931646e+00  3.5019456e+02   -3.45284877e+01   -5.42635879e+01
-4.1279579e+01   4.13711513e+01   5.04368496e-01  3.5659596e+01   -3.29028765e+00   -4.84991786e+00
-4.1257839e+01   4.10256078e+01   1.00873699e+00  6.5719126e+01   -6.28959682e+00   -8.20910310e+00
-4.1236099e+01   4.06800643e+01   1.51310549e+00  9.6122961e+01   -9.52317111e+00   -1.10211110e+01
-4.1214359e+01   4.03345208e+01   2.01747398e+00  1.2822422e+02   -1.29731389e+01   -1.35069559e+01
-4.1192620e+01   3.99889774e+01   2.52184248e+00  1.6278776e+02   -1.66274675e+01   -1.57637494e+01
-4.1170880e+01   3.96434339e+01   3.02621097e+00  2.0054369e+02   -2.04972691e+01   -1.78910015e+01
-4.1149140e+01   3.92978904e+01   3.53057947e+00  2.4263369e+02   -2.46359240e+01   -2.00470687e+01
-4.1127400e+01   3.89523469e+01   4.03494797e+00  2.9193256e+02   -2.92700231e+01   -2.25322258e+01
-4.1105661e+01   3.86068034e+01   4.53931646e+00  3.6277330e+02   -3.59900027e+01   -2.60976687e+01
-3.7279579e+01   4.13711513e+01   5.04368496e-01  3.0007472e+01   -1.94208238e+00   -4.91545912e+00
-3.7257839e+01   4.10256078e+01   1.00873699e+00  5.6227073e+01   -3.36730572e+00   -8.68087450e+00
-3.7236099e+01   4.06800643e+01   1.51310549e+00  8.3691397e+01   -4.95714962e+00   -1.22843937e+01
-3.7214359e+01   4.03345208e+01   2.01747398e+00  1.1360740e+02   -6.81239096e+00   -1.59158931e+01
-3.7192620e+01   3.99889774e+01   2.52184248e+00  1.4672822e+02   -8.99678533e+00   -1.96362040e+01
-3.7170880e+01   3.96434339e+01   3.02621097e+00  1.8382197e+02   -1.15413013e+01   -2.34813111e+01
-3.7149140e+01   3.92978904e+01   3.53057947e+00  2.2605557e+02   -1.44692584e+01   -2.75343648e+01
-3.7127400e+01   3.89523469e+01   4.03494797e+00  2.7621878e+02   -1.78899684e+01   -3.21013614e+01
-3.7105661e+01   3.86068034e+01   4.53931646e+00  3.4809703e+02   -2.25114852e+01   -3.89083122e+01
-3.3279579e+01   4.13711513e+01   5.04368496e-01  3.3230277e+01   -9.31178874e-01   -5.01933213e+00
-3.3257839e+01   4.10256078e+01   1.00873699e+00  6.1779488e+01   -1.16569092e+00   -9.18052347e+00
-3.3236099e+01   4.06800643e+01   1.51310549e+00  9.1263713e+01   -1.47937614e+00   -1.35063149e+01
-3.3214359e+01   4.03345208e+01   2.01747398e+00  1.2294320e+02   -2.05266774e+00   -1.81903936e+01
-3.3192620e+01   3.99889774e+01   2.52184248e+00  1.5749264e+02   -2.99949061e+00   -2.32802304e+01
-3.3170880e+01   3.96434339e+01   3.02621097e+00  1.9553984e+02   -4.36163446e+00   -2.87646644e+01
-3.3149140e+01   3.92978904e+01   3.53057947e+00  2.3810765e+02   -6.13648255e+00   -3.46624543e+01
-3.3127400e+01   3.89523469e+01   4.03494797e+00  2.8792279e+02   -8.33668595e+00   -4.12841492e+01
-3.3105661e+01   3.86068034e+01   4.53931646e+00  3.5903119e+02   -1.09035838e+01   -5.12465604e+01
-4.1279579e+01   4.53711513e+01   5.04368496e-01  3.5463999e+01   -1.32828978e+00   -4.63881785e+00
-4.1257839e+01   4.50256078e+01   1.00873699e+00  6.4858734e+01   -2.63623776e+00   -7.67397733e+00
-4.1236099e+01   4.46800643e+01   1.51310549e+00  9.4051195e+01   -4.33232647e+00   -1.00964460e+01
-4.1214359e+01   4.43345208e+01   2.01747398e+00  1.2437134e+02   -6.36974633e+00   -1.20792514e+01
-4.1192620e+01   4.39889774e+01   2.52184248e+00  1.5662768e+02   -8.73181675e+00   -1.36868116e+01
-4.1170880e+01   4.36434339e+01   3.02621097e+00  1.9165357e+02   -1.14460918e+01   -1.49971058e+01
-4.1149140e+01   4.32978904e+01   3.53057947e+00  2.3072338e+02   -1.45950713e+01   -1.61563513e+01
-4.1127400e+01   4.29523469e+01   4.03494797e+00  2.7679213e+02   -1.84036344e+01   -1.74377824e+01
-4.1105661e+01   4.26068034e+01   4.53931646e+00  3.4370970e+02   -2.41378422e+01   -1.93787868e+01
-3.7279579e+01   4.53711513e+01   5.04368496e-01  2.9972197e+01   -2.50778938e+00   -4.92678284e+00
-3.7257839e+01   4.50256078e+01   1.00873699e+00  5.5518360e+01   -4.27720487e+00   -8.68921925e+00
-3.7236099e+01   4.46800643e+01   1.51310549e+00  8.1620418e+01   -6.04001077e+00   -1.22808088e+01
-3.7214359e+01   4.43345208e+01   2.01747398e+00  1.0947597e+02   -7.89520703e+00   -1.58921472e+01
-3.7192620e+01   4.39889774e+01   2.52184248e+00  1.3990180e+02   -9.90608935e+00   -1.95558668e+01
-3.7170880e+01   4.36434339e+01   3.02621097e+00  1.7379534e+02   -1.21240264e+01   -2.32718578e+01
-3.7149140e+01   4.32978904e+01   3.53057947e+00  2.1248597e+02   -1.46147033e+01   -2.70959340e+01
-3.7127400e+01   4.29523469e+01   4.03494797e+00  2.5886898e+02   -1.75400424e+01   -3.13193097e+01
-3.7105661e+01   4.26068034e+01   4.53931646e+00  3.2619489e+02   -2.16312019e+01   -3.76280323e+01
-3.3279579e+01   4.53711513e+01   5.04368496e-01  3.3423835e+01   -3.73705731e+00   -5.24174291e+00
-3.3257839e+01   4.50256078e+01   1.00873699e+00  6.1504593e+01   -6.16018054e+00   -9.71132834e+00
-3.3236099e+01   4.46800643e+01   1.51310549e+00  8.9871254e+01   -8.23937864e+00   -1.43937520e+01
-3.3214359e+01   4.43345208e+01   2.01747398e+00  1.1981468e+02   -1.01806948e+01   -1.95297235e+01
-3.3192620e+01   4.39889774e+01   2.52184248e+00  1.5209569e+02   -1.21014805e+01   -2.51519724e+01
-3.3170880e+01   4.36434339e+01   3.02621097e+00  1.8747652e+02   -1.40607707e+01   -3.12116959e+01
-3.3149140e+01   4.32978904e+01   3.53057947e+00  2.2713253e+02   -1.60972841e+01   -3.76970541e+01
-3.3127400e+01   4.29523469e+01   4.03494797e+00  2.7388422e+02   -1.83116500e+01   -4.49246175e+01
-3.3105661e+01   4.26068034e+01   4.53931646e+00  3.4134064e+02   -2.09994100e+01   -5.56578097e+01
-4.1279579e+01   4.93711513e+01   5.04368496e-01  3.9806132e+01   2.93758946e-01   -4.52513794e+00
-4.1257839e+01   4.90256078e+01   1.00873699e+00  7.2644917e+01   4.01416666e-01   -7.48180366e+00
-4.1236099e+01   4.86800643e+01   1.51310549e+00  1.0431464e+02   -4.57522217e-02   -9.92802459e+00
-4.1214359e+01   4.83345208e+01   2.01747398e+00  1.3604051e+02   -1.00228216e+00   -1.20003091e+01
-4.1192620e+01   4.79889774e+01   2.52184248e+00  1.6866048e+02   -2.44484605e+00   -1.37162381e+01
-4.1170880e+01   4.76434339e+01   3.02621097e+00  2.0315426e+02   -4.38438545e+00   -1.51084370e+01
-4.1149140e+01   4.72978904e+01   3.53057947e+00  2.4103161e+02   -6.86835574e+00   -1.62916826e+01
-4.1127400e+01   4.69523469e+01   4.03494797e+00  2.8552473e+02   -1.00302040e+01   -1.75326596e+01
-4.1105661e+01   4.66068034e+01   4.53931646e+00  3.5084545e+02   -1.46676219e+01   -1.95190878e+01
-3.7279579e+01   4.93711513e+01   5.04368496e-01  3.6521717e+01   -3.75707699e+00   -5.07676035e+00
-3.7257839e+01   4.90256078e+01   1.00873699e+00  6.6508645e+01   -6.35513890e+00   -8.97807061e+00
-3.7236099e+01   4.86800643e+01   1.51310549e+00  9.5530730e+01   -8.63569129e+00   -1.25689507e+01
-3.7214359e+01   4.83345208e+01   2.01747398e+00  1.2488352e+02   -1.07322638e+01   -1.60451651e+01
-3.7192620e+01   4.79889774e+01   2.52184248e+00  1.5551620e+02   -1.27331233e+01   -1.94768730e+01
-3.7170880e+01   4.76434339e+01   3.02621097e+00  1.8855148e+02   -1.47341412e+01   -2.29238601e+01
-3.7149140e+01   4.72978904e+01   3.53057947e+00  2.2563122e+02   -1.68735794e+01   -2.64948851e+01
-3.7127400e+01   4.69523469e+01   4.03494797e+00  2.7000544e+02   -1.94016587e+01   -3.04951860e+01
-3.7105661e+01   4.66068034e+01   4.53931646e+00  3.3539981e+02   -2.31876027e+01   -3.65044118e+01
-3.3279579e+01   4.93711513e+01   5.04368496e-01  3.9012119e+01   -7.45761840e+00   -5.61974339e+00
-3.3257839e+01   4.90256078e+01   1.00873699e+00  7.1220315e+01   -1.26726123e+01   -1.04386985e+01
-3.3236099e+01   4.86800643e+01   1.51310549e+00  1.0242069e+02   -1.68549529e+01   -1.51447358e+01
-3.3214359e+01   4.83345208e+01   2.01747398e+00  1.3389220e+02   -2.02721740e+01   -2.00038200e+01
-3.3192620e+01   4.79889774e+01   2.52184248e+00  1.6649738e+02   -2.30876703e+01   -2.51478247e+01
-3.3170880e+01   4.76434339e+01   3.02621097e+00  2.0120957e+02   -2.54473291e+01   -3.06742876e+01
-3.3149140e+01   4.72978904e+01   3.53057947e+00  2.3949808e+02   -2.75455858e+01   -3.66995420e+01
-3.3127400e+01   4.69523469e+01   4.03494797e+00  2.8451572e+02   -2.97244659e+01   -4.35790048e+01
-3.3105661e+01   4.66068034e+01   4.53931646e+00  3.5033724e+02   -3.29756023e+01   -5.37589456e+01
3.7359325e+01   -5.80797862e+00   5.04368496e-01  3.5680608e+01   -3.28191175e+00   -4.85529251e+00
3.7381065e+01   -6.15352212e+00   1.00873699e+00  6.5763052e+01   -6.28253155e+00   -8.22904597e+00
3.7402805e+01   -6.49906561e+00   1.51310549e+00  9.6194801e+01   -9.52647400e+00   -1.10649715e+01
3.7424545e+01   -6.84460910e+00   2.01747398e+00  1.2833000e+02   -1.29954027e+01   -1.35841552e+01
3.7446284e+01   -7.19015259e+00   2.52184248e+00  1.6293444e+02   -1.66768298e+01   -1.58841374e+01
3.7468024e+01   -7.53569609e+00   3.02621097e+00  2.0073937e+02   -2.05814257e+01   -1.80655377e+01
3.7489764e+01   -7.88123958e+00   3.53057947e+00  2.4288815e+02   -2.47624422e+01   -2.02893528e+01
3.7511504e+01   -8.22678307e+00   4.03494797e+00  2.9225933e+02   -2.94473590e+01   -2.28625927e+01
3.7533243e+01   -8.57232656e+00   4.53931646e+00  3.6320342e+02   -3.62300221e+01   -2.65694505e+01
4.1359325e+01   -5.80797862e+00   5.04368496e-01  3.0059175e+01   -1.87876355e+00   -4.92028553e+00
4.1381065e+01   -6.15352212e+00   1.00873699e+00  5.6327984e+01   -3.26089542e+00   -8.70399842e+00
4.1402805e+01   -6.49906561e+00   1.51310549e+00  8.3847208e+01   -4.82465604e+00   -1.23401063e+01
4.1424545e+01   -6.84460910e+00   2.01747398e+00  1.1382570e+02   -6.66875099e+00   -1.60175189e+01
4.1446284e+01   -7.19015259e+00   2.52184248e+00  1.4701788e+02   -8.85495506e+00   -1.97974358e+01
4.1468024e+01   -7.53569609e+00   3.02621097e+00  1.8419333e+02   -1.14124286e+01   -2.37177303e+01
4.1489764e+01   -7.88123958e+00   3.53057947e+00  2.2652133e+02   -1.43631329e+01   -2.78659779e+01
4.1511504e+01   -8.22678307e+00   4.03494797e+00  2.7679747e+02   -1.78147567e+01   -3.25588256e+01
4.1533243e+01   -8.57232656e+00   4.53931646e+00  3.4883570e+02   -2.24609906e+01   -3.95767367e+01
4.5359325e+01   -5.80797862e+00   5.04368496e-01  3.3326679e+01   -8.19142281e-01   -5.02271896e+00
4.5381065e+01   -6.15352212e+00   1.00873699e+00  6.1967387e+01   -9.64506329e-01   -9.20441311e+00
4.5402805e+01   -6.49906561e+00   1.51310549e+00  9.1551698e+01   -1.20840321e+00   -1.35705068e+01
4.5424545e+01   -6.84460910e+00   2.01747398e+00  1.2334164e+02   -1.72910737e+00   -1.83135698e+01
4.5446284e+01   -7.19015259e+00   2.52184248e+00  1.5801241e+02   -2.63805070e+00   -2.34816140e+01
4.5468024e+01   -7.53569609e+00   3.02621097e+00  1.9619247e+02   -3.97429947e+00   -2.90658299e+01
4.5489764e+01   -7.88123958e+00   3.53057947e+00  2.3890689e+02   -5.73240256e+00   -3.50905184e+01
4.5511504e+01   -8.22678307e+00   4.03494797e+00  2.8889023e+02   -7.91946610e+00   -4.18802373e+01
4.5533243e+01   -8.57232656e+00   4.53931646e+00  3.6023275e+02   -1.04368953e+01   -5.21304868e+01
3.7359325e+01   -1.80797862e+00   5.04368496e-01  3.5426956e+01   -1.26059658e+00   -4.64073350e+00
3.7381065e+01   -2.15352212e+00   1.00873699e+00  6.4795947e+01   -2.51857117e+00   -7.68882985e+00
3.7402805e+01   -2.49906561e+00   1.51310549e+00  9.3968522e+01   -4.17873697e+00   -1.01365799e+01
3.7424545e+01   -2.84460910e+00   2.01747398e+00  1.2427476e+02   -6.19173223e+00   -1.21550378e+01
3.7446284e+01   -3.19015259e+00   2.52184248e+00  1.5652428e+02   -8.53826441e+00   -1.38074675e+01
3.7468024e+01   -3.53569609e+00   3.02621097e+00  1.9155186e+02   -1.12432709e+01   -1.51718198e+01
3.7489764e+01   -3.88123958e+00   3.53057947e+00  2.3063347e+02   -1.43867863e+01   -1.63964602e+01
3.7511504e+01   -4.22678307e+00   4.03494797e+00  2.7672579e+02   -1.81901654e+01   -1.77619618e+01
3.7533243e+01   -4.57232656e+00   4.53931646e+00  3.4368037e+02   -2.38981146e+01   -1.98481727e+01
4.1359325e+01   -1.80797862e+00   5.04368496e-01  2.9959272e+01   -2.27518880e+00   -4.92384236e+00
4.1381065e+01   -2.15352212e+00   1.00873699e+00  5.5502850e+01   -3.87062890e+00   -8.70206182e+00
4.1402805e+01   -2.49906561e+00   1.51310549e+00  8.1611141e+01   -5.50090628e+00   -1.23314055e+01
4.1424545e+01   -2.84460910e+00   2.01747398e+00  1.0948210e+02   -7.25449281e+00   -1.59963768e+01
4.1446284e+01   -3.19015259e+00   2.52184248e+00  1.3993345e+02   -9.18532625e+00   -1.97268975e+01
4.1468024e+01   -3.53569609e+00   3.02621097e+00  1.7386407e+02   -1.13365065e+01   -2.35233078e+01
4.1489764e+01   -3.88123958e+00   3.53057947e+00  2.1260549e+02   -1.37664041e+01   -2.74461941e+01
4.1511504e+01   -4.22678307e+00   4.03494797e+00  2.5905678e+02   -1.66256014e+01   -3.18003326e+01
4.1533243e+01   -4.57232656e+00   4.53931646e+00  3.2648148e+02   -2.05789077e+01   -3.83503994e+01
4.5359325e+01   -1.80797862e+00   5.04368496e-01  3.3371843e+01   -3.41330503e+00   -5.23505420e+00
4.5381065e+01   -2.15352212e+00   1.00873699e+00  6.1444089e+01   -5.58572520e+00   -9.72154029e+00
4.5402805e+01   -2.49906561e+00   1.51310549e+00  8.9831847e+01   -7.46547155e+00   -1.44506344e+01
4.5424545e+01   -2.84460910e+00   2.01747398e+00  1.1982087e+02   -9.24549056e+00   -1.96558047e+01
4.5446284e+01   -3.19015259e+00   2.52184248e+00  1.5216910e+02   -1.10313661e+01   -2.53669580e+01
4.5468024e+01   -3.53569609e+00   3.02621097e+00  1.8763735e+02   -1.28714924e+01   -3.15365372e+01
4.5489764e+01   -3.88123958e+00   3.53057947e+00  2.2740123e+02   -1.47945745e+01   -3.81594928e+01
4.5511504e+01   -4.22678307e+00   4.03494797e+00  2.7428494e+02   -1.68839323e+01   -4.55709595e+01
4.5533243e+01   -4.57232656e+00   4.53931646e+00  3.4191978e+02   -1.93318576e+01   -5.66456719e+01
3.7359325e+01   2.19202138e+00   5.04368496e-01  3.9581867e+01   4.37708347e-01   -4.52513183e+00
3.7381065e+01   1.84647788e+00   1.00873699e+00  7.2258220e+01   6.64471259e-01   -7.49937762e+00
3.7402805e+01   1.50093439e+00   1.51310549e+00  1.0379551e+02   3.14115705e-01   -9.98308753e+00
3.7424545e+01   1.15539090e+00   2.01747398e+00  1.3541295e+02   -5.65175061e-01   -1.21084773e+01
3.7446284e+01   8.09847407e-01   2.52184248e+00  1.6794519e+02   -1.94661677e+00   -1.38906896e+01
3.7468024e+01   4.64303915e-01   3.02621097e+00  2.0236890e+02   -3.83713529e+00   -1.53611955e+01
3.7489764e+01   1.18760422e-01   3.53057947e+00  2.4019015e+02   -6.27909445e+00   -1.66359512e+01
3.7511504e+01   -2.26783071e-01   4.03494797e+00  2.8463410e+02   -9.39608739e+00   -1.79900577e+01
3.7533243e+01   -5.72326563e-01   4.53931646e+00  3.4987901e+02   -1.39331879e+01   -2.01756531e+01
4.1359325e+01   2.19202138e+00   5.04368496e-01  3.6265447e+01   -3.12141582e+00   -5.05286526e+00
4.1381065e+01   1.84647788e+00   1.00873699e+00  6.6079857e+01   -5.24053455e+00   -8.96472394e+00
4.1402805e+01   1.50093439e+00   1.51310549e+00  9.4975043e+01   -7.15389698e+00   -1.26158278e+01
4.1424545e+01   1.15539090e+00   2.01747398e+00  1.2423695e+02   -8.97198340e+00   -1.61873212e+01
4.1446284e+01   8.09847407e-01   2.52184248e+00  1.5480857e+02   -1.07635363e+01   -1.97411093e+01
4.1468024e+01   4.64303915e-01   3.02621097e+00  1.8780725e+02   -1.26058489e+01   -2.33324337e+01
4.1489764e+01   1.18760422e-01   3.53057947e+00  2.2486949e+02   -1.46163952e+01   -2.70711759e+01
4.1511504e+01   -2.26783071e-01   4.03494797e+00  2.6923805e+02   -1.70101392e+01   -3.12793706e+01
4.1533243e+01   -5.72326563e-01   4.53931646e+00  3.3460986e+02   -2.04926893e+01   -3.76758632e+01
4.5359325e+01   2.19202138e+00   5.04368496e-01  3.8529930e+01   -6.59165068e+00   -5.58035568e+00
4.5381065e+01   1.84647788e+00   1.00873699e+00  7.0429743e+01   -1.11473262e+01   -1.04002100e+01
4.5402805e+01   1.50093439e+00   1.51310549e+00  1.0142180e+02   -1.48167319e+01   -1.51726671e+01
4.5424545e+01   1.15539090e+00   2.01747398e+00  1.3276445e+02   -1.78371526e+01   -2.01462102e+01
4.5446284e+01   8.09847407e-01   2.52184248e+00  1.6530617e+02   -2.03467325e+01   -2.54428678e+01
4.5468024e+01   4.64303915e-01   3.02621097e+00  2.0000836e+02   -2.24672242e+01   -3.11549501e+01
4.5489764e+01   1.18760422e-01   3.53057947e+00  2.3832873e+02   -2.43652070e+01   -3.74010841e+01
4.5511504e+01   -2.26783071e-01   4.03494797e+00  2.8340571e+02   -2.63336193e+01   -4.45598983e+01
4.5533243e+01   -5.72326563e-01   4.53931646e+00  3.4927216e+02   -2.91332911e+01   -5.52661774e+01
9.2576644e+00   2.56825034e+01   5.04368496e-01  3.4676398e+01   -2.42465206e+00   -4.81921541e+00
9.2794041e+00   2.53369599e+01   1.00873699e+00  6.3964600e+01   -4.80749736e+00   -8.18375310e+00
9.3011439e+00   2.49914164e+01   1.51310549e+00  9.3641680e+01   -7.59275919e+00   -1.10428195e+01
9.3228836e+00   2.46458729e+01   2.01747398e+00  1.2502373e+02   -1.07171972e+01   -1.35878688e+01
9.3446234e+00   2.43003294e+01   2.52184248e+00  1.5885711e+02   -1.41326251e+01   -1.59006490e+01
9.3663631e+00   2.39547859e+01   3.02621097e+00  1.9585645e+02   -1.78199998e+01   -1.80740062e+01
9.3881029e+00   2.36092424e+01   3.53057947e+00  2.3714081e+02   -2.18070277e+01   -2.02670020e+01
9.4098426e+00   2.32636989e+01   4.03494797e+00  2.8552782e+02   -2.62858546e+01   -2.27898756e+01
9.4315824e+00   2.29181555e+01   4.53931646e+00  3.5505656e+02   -3.26780990e+01   -2.64849324e+01
1.3257664e+01   2.56825034e+01   5.04368496e-01  2.8690960e+01   -1.12356540e+00   -4.86929662e+00
1.3279404e+01   2.53369599e+01   1.00873699e+00  5.3888157e+01   -1.94366302e+00   -8.59976309e+00
1.3301144e+01   2.49914164e+01   1.51310549e+00  8.0397320e+01   -3.06854035e+00   -1.21872797e+01
1.3322884e+01   2.46458729e+01   2.01747398e+00  1.0937116e+02   -4.55789894e+00   -1.57952487e+01
1.3344623e+01   2.43003294e+01   2.52184248e+00  1.4153295e+02   -6.44285856e+00   -1.94725463e+01
1.3366363e+01   2.39547859e+01   3.02621097e+00  1.7762575e+02   -8.72804964e+00   -2.32520468e+01
1.3388103e+01   2.36092424e+01   3.53057947e+00  2.1878346e+02   -1.14151646e+01   -2.72195585e+01
1.3409843e+01   2.32636989e+01   4.03494797e+00  2.6771939e+02   -1.45815756e+01   -3.16865620e+01
1.3431582e+01   2.29181555e+01   4.53931646e+00  3.3783172e+02   -1.87619851e+01   -3.84239478e+01
1.7257664e+01   2.56825034e+01   5.04368496e-01  3.1329244e+01   -3.40274705e-01   -4.94895840e+00
1.7279404e+01   2.53369599e+01   1.00873699e+00  5.8372473e+01   -1.03710338e-01   -9.00073561e+00
1.7301144e+01   2.49914164e+01   1.51310549e+00  8.6435561e+01   -2.23302555e-02   -1.31891315e+01
1.7322884e+01   2.46458729e+01   2.01747398e+00  1.1671574e+02   -2.52189405e-01   -1.76890348e+01
1.7344623e+01   2.43003294e+01   2.52184248e+00  1.4985984e+02   -8.88571302e-01   -2.25408010e+01
1.7366363e+01   2.39547859e+01   3.02621097e+00  1.8647492e+02   -1.96003392e+00   -2.77340953e+01
1.7388103e+01   2.36092424e+01   3.53057947e+00  2.2755077e+02   -3.45425067e+00   -3.32911167e+01
1.7409843e+01   2.32636989e+01   4.03494797e+00  2.7571683e+02   -5.36440476e+00   -3.95153049e+01
1.7431582e+01   2.29181555e+01   4.53931646e+00  3.4448438e+02   -7.51080704e+00   -4.89455812e+01
9.2576644e+00   2.96825034e+01   5.04368496e-01  3.3248121e+01   9.72569431e-01   -4.58946543e+00
9.2794041e+00   2.93369599e+01   1.00873699e+00  6.1118980e+01   1.16722058e+00   -7.71806604e+00
9.3011439e+00   2.89914164e+01   1.51310549e+00  8.9096087e+01   4.53201742e-01   -1.03905943e+01
9.3228836e+00   2.86458729e+01   2.01747398e+00  1.1840906e+02   -9.71171605e-01   -1.26919047e+01
9.3446234e+00   2.83003294e+01   2.52184248e+00  1.4980104e+02   -2.97195722e+00   -1.46323453e+01
9.3663631e+00   2.79547859e+01   3.02621097e+00  1.8404781e+02   -5.47900806e+00   -1.62596543e+01
9.3881029e+00   2.76092424e+01   3.53057947e+00  2.2236125e+02   -8.49076048e+00   -1.77155987e+01
9.4098426e+00   2.72636989e+01   4.03494797e+00  2.6759356e+02   -1.21326848e+01   -1.93079445e+01
9.4315824e+00   2.69181555e+01   4.53931646e+00  3.3318463e+02   -1.72743128e+01   -2.18735045e+01
1.3257664e+01   2.96825034e+01   5.04368496e-01  2.7268681e+01   -4.78493762e-01   -4.86345056e+00
1.3279404e+01   2.93369599e+01   1.00873699e+00  5.1028284e+01   -8.60219658e-01   -8.66676923e+00
1.3301144e+01   2.89914164e+01   1.51310549e+00  7.5726446e+01   -1.65577531e+00   -1.24178694e+01
1.3322884e+01   2.86458729e+01   2.01747398e+00  1.0240589e+02   -2.84102634e+00   -1.62303826e+01
1.3344623e+01   2.83003294e+01   2.52184248e+00  1.3178901e+02   -4.38172456e+00   -2.00927327e+01
1.3366363e+01   2.79547859e+01   3.02621097e+00  1.6469865e+02   -6.24740999e+00   -2.39836525e+01
1.3388103e+01   2.76092424e+01   3.53057947e+00  2.0238865e+02   -8.43272471e+00   -2.79603332e+01
1.3409843e+01   2.72636989e+01   4.03494797e+00  2.4763153e+02   -1.10084925e+01   -3.23454982e+01
1.3431582e+01   2.69181555e+01   4.53931646e+00  3.1317537e+02   -1.43058685e+01   -3.90725594e+01
1.7257664e+01   2.96825034e+01   5.04368496e-01  3.0727056e+01   -2.63409283e+00   -5.16255379e+00
1.7279404e+01   2.93369599e+01   1.00873699e+00  5.6832896e+01   -4.18699694e+00   -9.56093434e+00
1.7301144e+01   2.89914164e+01   1.51310549e+00  8.3489175e+01   -5.55414883e+00   -1.41959678e+01
1.7322884e+01   2.86458729e+01   2.01747398e+00  1.1187731e+02   -6.89859669e+00   -1.92675390e+01
1.7344623e+01   2.83003294e+01   2.52184248e+00  1.4269612e+02   -8.30127712e+00   -2.47867102e+01
1.7366363e+01   2.79547859e+01   3.02621097e+00  1.7665676e+02   -9.78948651e+00   -3.06978691e+01
1.7388103e+01   2.76092424e+01   3.53057947e+00  2.1487250e+02   -1.13713986e+01   -3.69940315e+01
1.7409843e+01   2.72636989e+01   4.03494797e+00  2.6003363e+02   -1.30937525e+01   -4.40031701e+01
1.7431582e+01   2.69181555e+01   4.53931646e+00  3.2513879e+02   -1.49663307e+01   -5.45502786e+01
9.2576644e+00   3.36825034e+01   5.04368496e-01  3.1471630e+01   5.05249084e+00   -4.07379809e+00
9.2794041e+00   3.33369599e+01   1.00873699e+00  5.8055061e+01   8.37060220e+00   -6.78169252e+00
9.3011439e+00   3.29914164e+01   1.51310549e+00  8.5032290e+01   1.02325481e+01   -9.56017727e+00
9.3228836e+00   3.26458729e+01   2.01747398e+00  1.1359638e+02   1.08482202e+01   -1.24703147e+01
9.3446234e+00   3.23003294e+01   2.52184248e+00  1.4446802e+02   1.03101521e+01   -1.53906028e+01
9.3663631e+00   3.19547859e+01   3.02621097e+00  1.7837674e+02   8.69393244e+00   -1.81489562e+01
9.3881029e+00   3.16092424e+01   3.53057947e+00  2.1643462e+02   6.13105713e+00   -2.06619081e+01
9.4098426e+00   3.12636989e+01   4.03494797e+00  2.6133626e+02   2.80089722e+00   -2.31498989e+01
9.4315824e+00   3.09181555e+01   4.53931646e+00  3.2616624e+02   -1.15599140e+00   -2.70213679e+01
1.3257664e+01   3.36825034e+01   5.04368496e-01  2.8204781e+01   -5.51324757e-01   -4.97381027e+00
1.3279404e+01   3.33369599e+01   1.00873699e+00  5.3001320e+01   -5.37088486e-01   -9.01976198e+00
1.3301144e+01   3.29914164e+01   1.51310549e+00  7.8448532e+01   -7.68647366e-01   -1.30795903e+01
1.3322884e+01   3.26458729e+01   2.01747398e+00  1.0540280e+02   -1.33179550e+00   -1.72455750e+01
1.3344623e+01   3.23003294e+01   2.52184248e+00  1.3452286e+02   -2.24928315e+00   -2.14952025e+01
1.3366363e+01   3.19547859e+01   3.02621097e+00  1.6667138e+02   -3.53364327e+00   -2.58007867e+01
1.3388103e+01   3.16092424e+01   3.53057947e+00  2.0321661e+02   -5.20837984e+00   -3.02141615e+01
1.3409843e+01   3.12636989e+01   4.03494797e+00  2.4705505e+02   -7.32212045e+00   -3.50747869e+01
1.3431582e+01   3.09181555e+01   4.53931646e+00  3.1091951e+02   -9.90798089e+00   -4.26120179e+01
1.7257664e+01   3.36825034e+01   5.04368496e-01  3.4127456e+01   -6.05176283e+00   -5.54867631e+00
1.7279404e+01   3.33369599e+01   1.00873699e+00  6.2845184e+01   -1.00142761e+01   -1.03845385e+01
1.7301144e+01   3.29914164e+01   1.51310549e+00  9.1231843e+01   -1.31092092e+01   -1.52242480e+01
1.7322884e+01   3.26458729e+01   2.01747398e+00  1.2040073e+02   -1.55954120e+01   -2.02769518e+01
1.7344623e+01   3.23003294e+01   2.52184248e+00  1.5110059e+02   -1.76179312e+01   -2.56315877e+01
1.7366363e+01   3.19547859e+01   3.02621097e+00  1.8419197e+02   -1.92956033e+01   -3.13554754e+01
1.7388103e+01   3.16092424e+01   3.53057947e+00  2.2100780e+02   -2.07784806e+01   -3.75537213e+01
1.7409843e+01   3.12636989e+01   4.03494797e+00  2.6447303e+02   -2.23097924e+01   -4.46086912e+01
1.7431582e+01   3.09181555e+01   4.53931646e+00  3.2779652e+02   -2.43891864e+01   -5.52578309e+01
-4.4224220e+01   -4.01569096e+01   5.04368496e-01  3.5752041e+01   -3.41247804e+00   -4.86222951e+00
-4.4202480e+01   -4.05024531e+01   1.00873699e+00  6.5898876e+01   -6.52953326e+00   -8.23818124e+00
-4.4180740e+01   -4.08479966e+01   1.51310549e+00  9.6398640e+01   -9.88102774e+00   -1.10676973e+01
-4.4159000e+01   -4.11935401e+01   2.01747398e+00  1.2860748e+02   -1.34519531e+01   -1.35735953e+01
-4.4137261e+01   -4.15390836e+01   2.52184248e+00  1.6329215e+02   -1.72332501e+01   -1.58533140e+01
-4.4115521e+01   -4.18846271e+01   3.02621097e+00  2.0118503e+02   -2.12390550e+01   -1.80056688e+01
-4.4093781e+01   -4.22301706e+01   3.53057947e+00  2.4343185e+02   -2.55265781e+01   -2.01876648e+01
-4.4072041e+01   -4.25757141e+01   4.03494797e+00  2.9291762e+02   -3.03327838e+01   -2.26975503e+01
-4.4050302e+01   -4.29212576e+01   4.53931646e+00  3.6402672e+02   -3.73143099e+01   -2.62690159e+01
-4.0224220e+01   -4.01569096e+01   5.04368496e-01  3.0131382e+01   -2.06679436e+00   -4.92914449e+00
-4.0202480e+01   -4.05024531e+01   1.00873699e+00  5.6465649e+01   -3.60840619e+00   -8.71495137e+00
-4.0180740e+01   -4.08479966e+01   1.51310549e+00  8.4054902e+01   -5.31287433e+00   -1.23419431e+01
-4.0159000e+01   -4.11935401e+01   2.01747398e+00  1.1411083e+02   -7.28505253e+00   -1.60019306e+01
-4.0137261e+01   -4.15390836e+01   2.52184248e+00  1.4738970e+02   -9.59255298e+00   -1.97560297e+01
-4.0115521e+01   -4.18846271e+01   3.02621097e+00  1.8466314e+02   -1.22698401e+01   -2.36394218e+01
-4.0093781e+01   -4.22301706e+01   3.53057947e+00  2.2710375e+02   -1.53440512e+01   -2.77339453e+01
-4.0072041e+01   -4.25757141e+01   4.03494797e+00  2.7751490e+02   -1.89342480e+01   -3.23444588e+01
-4.0050302e+01   -4.29212576e+01   4.53931646e+00  3.4974906e+02   -2.38110329e+01   -3.91870997e+01
-3.6224220e+01   -4.01569096e+01   5.04368496e-01  3.3451212e+01   -1.06894659e+00   -5.03593656e+00
-3.6202480e+01   -4.05024531e+01   1.00873699e+00  6.2193194e+01   -1.42775341e+00   -9.22330999e+00
-3.6180740e+01   -4.08479966e+01   1.51310549e+00  9.1877264e+01   -1.86007433e+00   -1.35810975e+01
-3.6159000e+01   -4.11935401e+01   2.01747398e+00  1.2377130e+02   -2.55119424e+00   -1.83057447e+01
-3.6137261e+01   -4.15390836e+01   2.52184248e+00  1.5855390e+02   -3.61930786e+00   -2.34454274e+01
-3.6115521e+01   -4.18846271e+01   3.02621097e+00  1.9685658e+02   -5.10974272e+00   -2.89881604e+01
-3.6093781e+01   -4.22301706e+01   3.53057947e+00  2.3970864e+02   -7.02348267e+00   -3.49512036e+01
-3.6072041e+01   -4.25757141e+01   4.03494797e+00  2.8985484e+02   -9.38242965e+00   -4.16447237e+01
-3.6050302e+01   -4.29212576e+01   4.53931646e+00  3.6143571e+02   -1.21863418e+01   -5.16860352e+01
-4.4224220e+01   -3.61569096e+01   5.04368496e-01  3.5487867e+01   -1.47769863e+00   -4.65026081e+00
-4.4202480e+01   -3.65024531e+01   1.00873699e+00  6.4916935e+01   -2.92209807e+00   -7.69795803e+00
-4.4180740e+01   -3.68479966e+01   1.51310549e+00  9.4156045e+01   -4.74959196e+00   -1.01302988e+01
-4.4159000e+01   -3.71935401e+01   2.01747398e+00  1.2453560e+02   -6.91853196e+00   -1.21229985e+01
-4.4137261e+01   -3.75390836e+01   2.52184248e+00  1.5686492e+02   -9.41731567e+00   -1.37412846e+01
-4.4115521e+01   -3.78846271e+01   3.02621097e+00  1.9197905e+02   -1.22785098e+01   -1.50624006e+01
-4.4093781e+01   -3.82301706e+01   3.53057947e+00  2.3115558e+02   -1.55904983e+01   -1.62304992e+01
-4.4072041e+01   -3.85757141e+01   4.03494797e+00  2.7735702e+02   -1.95916408e+01   -1.75147881e+01
-4.4050302e+01   -3.89212576e+01   4.53931646e+00  3.4446756e+02   -2.56271895e+01   -1.94226762e+01
-4.0224220e+01   -3.61569096e+01   5.04368496e-01  3.0039932e+01   -2.67978667e+00   -4.94045093e+00
-4.0202480e+01   -3.65024531e+01   1.00873699e+00  5.5655501e+01   -4.60081651e+00   -8.71910242e+00
-4.0180740e+01   -3.68479966e+01   1.51310549e+00  8.1837926e+01   -6.50584360e+00   -1.23254929e+01
-4.0159000e+01   -3.71935401e+01   2.01747398e+00  1.0978721e+02   -8.50080939e+00   -1.59535876e+01
-4.0137261e+01   -3.75390836e+01   2.52184248e+00  1.4032231e+02   -1.06555064e+01   -1.96370729e+01
-4.0115521e+01   -3.78846271e+01   3.02621097e+00  1.7434387e+02   -1.30273487e+01   -2.33751242e+01
-4.0093781e+01   -3.82301706e+01   3.53057947e+00  2.1318655e+02   -1.56885139e+01   -2.72215100e+01
-4.0072041e+01   -3.85757141e+01   4.03494797e+00  2.5975706e+02   -1.88149472e+01   -3.14639874e+01
-4.0050302e+01   -3.89212576e+01   4.53931646e+00  3.2735677e+02   -2.32198496e+01   -3.77628487e+01
-3.6224220e+01   -3.61569096e+01   5.04368496e-01  3.3591865e+01   -3.95011250e+00   -5.26079771e+00
-3.6202480e+01   -3.65024531e+01   1.00873699e+00  6.1822196e+01   -6.55838119e+00   -9.75545001e+00
-3.6180740e+01   -3.68479966e+01   1.51310549e+00  9.0345510e+01   -8.80789136e+00   -1.44640283e+01
-3.6159000e+01   -3.71935401e+01   2.01747398e+00  1.2045830e+02   -1.09123444e+01   -1.96318504e+01
-3.6137261e+01   -3.75390836e+01   2.52184248e+00  1.5292475e+02   -1.29958527e+01   -2.52932539e+01
-3.6115521e+01   -3.78846271e+01   3.02621097e+00  1.8851085e+02   -1.51234684e+01   -3.13986975e+01
-3.6093781e+01   -3.82301706e+01   3.53057947e+00  2.2839842e+02   -1.73403611e+01   -3.79340261e+01
-3.6072041e+01   -3.85757141e+01   4.03494797e+00  2.7542422e+02   -1.97618545e+01   -4.52129386e+01
-3.6050302e+01   -3.89212576e+01   4.53931646e+00  3.4327669e+02   -2.27700700e+01   -5.59815649e+01
-4.4224220e+01   -3.21569096e+01   5.04368496e-01  3.9724256e+01   7.01166164e-02   -4.54352300e+00
-4.4202480e+01   -3.25024531e+01   1.00873699e+00  7.2517651e+01   -2.20833116e-02   -7.51851928e+00
-4.4180740e+01   -3.28479966e+01   1.51310549e+00  1.0416510e+02   -6.55979848e-01   -9.97342473e+00
-4.4159000e+01   -3.31935401e+01   2.01747398e+00  1.3588925e+02   -1.79057998e+00   -1.20468175e+01
-4.4137261e+01   -3.35390836e+01   2.52184248e+00  1.6852692e+02   -3.40696114e+00   -1.37574697e+01
-4.4115521e+01   -3.38846271e+01   3.02621097e+00  2.0305750e+02   -5.52150914e+00   -1.51388214e+01
-4.4093781e+01   -3.42301706e+01   3.53057947e+00  2.4099112e+02   -8.19032526e+00   -1.63053953e+01
-4.4072041e+01   -3.45757141e+01   4.03494797e+00  2.8556190e+02   -1.15670353e+01   -1.75194294e+01
-4.4050302e+01   -3.49212576e+01   4.53931646e+00  3.5099314e+02   -1.65541010e+01   -1.94217110e+01
-4.0224220e+01   -3.21569096e+01   5.04368496e-01  3.6487130e+01   -4.02770640e+00   -5.09889000e+00
-4.0202480e+01   -3.25024531e+01   1.00873699e+00  6.6468612e+01   -6.86501981e+00   -9.02243160e+00
-4.0180740e+01   -3.28479966e+01   1.51310549e+00  9.5506788e+01   -9.36588979e+00   -1.26245982e+01
-4.0159000e+01   -3.31935401e+01   2.01747398e+00  1.2489562e+02   -1.16691571e+01   -1.61039739e+01
-4.0137261e+01   -3.35390836e+01   2.52184248e+00  1.5558389e+02   -1.38685184e+01   -1.95323665e+01
-4.0115521e+01   -3.38846271e+01   3.02621097e+00  1.8869507e+02   -1.60664953e+01   -2.29709296e+01
-4.0093781e+01   -3.42301706e+01   3.53057947e+00  2.2587338e+02   -1.84115050e+01   -2.65288097e+01
-4.0072041e+01   -3.45757141e+01   4.03494797e+00  2.7037499e+02   -2.11767778e+01   -3.05072496e+01
-4.0050302e+01   -3.49212576e+01   4.53931646e+00  3.3595417e+02   -2.53499142e+01   -3.64360692e+01
-3.6224220e+01   -3.21569096e+01   5.04368496e-01  3.9080618e+01   -7.80892308e+00   -5.65072056e+00
-3.6202480e+01   -3.25024531e+01   1.00873699e+00  7.1367690e+01   -1.33257404e+01   -1.05038103e+01
-3.6180740e+01   -3.28479966e+01   1.51310549e+00  1.0266300e+02   -1.77796652e+01   -1.52326599e+01
-3.6159000e+01   -3.31935401e+01   2.01747398e+00  1.3424632e+02   -2.14459444e+01   -2.01076887e+01
-3.6137261e+01   -3.35390836e+01   2.52184248e+00  1.6698096e+02   -2.44946230e+01   -2.52635780e+01
-3.6115521e+01   -3.38846271e+01   3.02621097e+00  2.0184207e+02   -2.70791329e+01   -3.07999654e+01
-3.6093781e+01   -3.42301706e+01   3.53057947e+00  2.4030335e+02   -2.94053888e+01   -3.68339020e+01
-3.6072041e+01   -3.45757141e+01   4.03494797e+00  2.8552955e+02   -3.18416355e+01   -4.37172326e+01
-3.6050302e+01   -3.49212576e+01   4.53931646e+00  3.5165327e+02   -3.55132391e+01   -5.38492413e+01
-2.6128438e+01   -1.21694152e+01   5.04368496e-01  3.5656537e+01   -3.48976645e+00   -4.87446448e+00
-2.6106699e+01   -1.25149587e+01   1.00873699e+00  6.5710111e+01   -6.68979225e+00   -8.27295950e+00
-2.6084959e+01   -1.28605022e+01   1.51310549e+00  9.6102169e+01   -1.01348551e+01   -1.11330133e+01
-2.6063219e+01   -1.32060457e+01   2.01747398e+00  1.2818413e+02   -1.38127477e+01   -1.36790983e+01
-2.6041479e+01   -1.35515892e+01   2.52184248e+00  1.6271952e+02   -1.77170107e+01   -1.60099988e+01
-2.6019740e+01   -1.38971327e+01   3.02621097e+00  2.0043730e+02   -2.18644203e+01   -1.82256707e+01
-2.5998000e+01   -1.42426762e+01   3.53057947e+00  2.4247772e+02   -2.63161114e+01   -2.04845515e+01
-2.5976260e+01   -1.45882197e+01   4.03494797e+00  2.9171247e+02   -3.13195946e+01   -2.30883532e+01
-2.5954520e+01   -1.49337632e+01   4.53931646e+00  3.6246146e+02   -3.85890118e+01   -2.67844666e+01
-2.2128438e+01   -1.21694152e+01   5.04368496e-01  3.0009073e+01   -2.12879271e+00   -4.93910730e+00
-2.2106699e+01   -1.25149587e+01   1.00873699e+00  5.6225915e+01   -3.73954804e+00   -8.74352664e+00
-2.2084959e+01   -1.28605022e+01   1.51310549e+00  8.3682455e+01   -5.52355804e+00   -1.23957051e+01
-2.2063219e+01   -1.32060457e+01   2.01747398e+00  1.1358516e+02   -7.58756436e+00   -1.60883654e+01
-2.2041479e+01   -1.35515892e+01   2.52184248e+00  1.4668655e+02   -1.00011998e+01   -1.98834763e+01
-2.2019740e+01   -1.38971327e+01   3.02621097e+00  1.8375397e+02   -1.28011171e+01   -2.38171632e+01
-2.1998000e+01   -1.42426762e+01   3.53057947e+00  2.2595326e+02   -1.60177247e+01   -2.79726826e+01
-2.1976260e+01   -1.45882197e+01   4.03494797e+00  2.7607206e+02   -1.97789280e+01   -3.26580578e+01
-2.1954520e+01   -1.49337632e+01   4.53931646e+00  3.4788709e+02   -2.49045055e+01   -3.96002072e+01
-1.8128438e+01   -1.21694152e+01   5.04368496e-01  3.3274585e+01   -1.11621649e+00   -5.04245865e+00
-1.8106699e+01   -1.25149587e+01   1.00873699e+00  6.1856913e+01   -1.53191071e+00   -9.24167833e+00
-1.8084959e+01   -1.28605022e+01   1.51310549e+00  9.1370195e+01   -2.03206175e+00   -1.36151757e+01
-1.8063219e+01   -1.32060457e+01   2.01747398e+00  1.2307618e+02   -2.80233303e+00   -1.83597680e+01
-1.8041479e+01   -1.35515892e+01   2.52184248e+00  1.5764985e+02   -3.96159746e+00   -2.35240112e+01
-1.8019740e+01   -1.38971327e+01   3.02621097e+00  1.9571887e+02   -5.55627608e+00   -2.90965418e+01
-1.7998000e+01   -1.42426762e+01   3.53057947e+00  2.3830602e+02   -7.58957469e+00   -3.50957815e+01
-1.7976260e+01   -1.45882197e+01   4.03494797e+00  2.8813906e+02   -1.00904198e+01   -4.18341637e+01
-1.7954520e+01   -1.49337632e+01   4.53931646e+00  3.5927275e+02   -1.31004674e+01   -5.19325940e+01
-2.6128438e+01   -8.16941523e+00   5.04368496e-01  3.5451414e+01   -1.47748766e+00   -4.65446720e+00
-2.6106699e+01   -8.51495873e+00   1.00873699e+00  6.4839248e+01   -2.93120129e+00   -7.71263763e+00
-2.6084959e+01   -8.86050222e+00   1.51310549e+00  9.4026779e+01   -4.77789026e+00   -1.01614625e+01
-2.6063219e+01   -9.20604571e+00   2.01747398e+00  1.2434269e+02   -6.97614268e+00   -1.21767643e+01
-2.6041479e+01   -9.55158920e+00   2.52184248e+00  1.5659468e+02   -9.51466243e+00   -1.38240971e+01
-2.6019740e+01   -9.89713270e+00   3.02621097e+00  1.9161557e+02   -1.24266856e+01   -1.51812361e+01
-2.5998000e+01   -1.02426762e+01   3.53057947e+00  2.3067924e+02   -1.58023424e+01   -1.63934447e+01
-2.5976260e+01   -1.05882197e+01   4.03494797e+00  2.7673996e+02   -1.98846187e+01   -1.77329098e+01
-2.5954520e+01   -1.09337632e+01   4.53931646e+00  3.4364575e+02   -2.60377723e+01   -1.97219168e+01
-2.2128438e+01   -8.16941523e+00   5.04368496e-01  2.9978130e+01   -2.65957021e+00   -4.94272228e+00
-2.2106699e+01   -8.51495873e+00   1.00873699e+00  5.5531184e+01   -4.57449869e+00   -8.72899921e+00
-2.2084959e+01   -8.86050222e+00   1.51310549e+00  8.1640906e+01   -6.48603487e+00   -1.23483932e+01
-2.2063219e+01   -9.20604571e+00   2.01747398e+00  1.0950463e+02   -8.49949007e+00   -1.59943048e+01
-2.2041479e+01   -9.55158920e+00   2.52184248e+00  1.3993886e+02   -1.06843760e+01   -1.97004099e+01
-2.2019740e+01   -9.89713270e+00   3.02621097e+00  1.7384091e+02   -1.30983332e+01   -2.34663311e+01
-2.1998000e+01   -1.02426762e+01   3.53057947e+00  2.1254021e+02   -1.58148521e+01   -2.73470000e+01
-2.1976260e+01   -1.05882197e+01   4.03494797e+00  2.5893249e+02   -1.90136290e+01   -3.16330045e+01
-2.1954520e+01   -1.09337632e+01   4.53931646e+00  3.2627198e+02   -2.35225812e+01   -3.79975170e+01
-1.8128438e+01   -8.16941523e+00   5.04368496e-01  3.3476723e+01   -3.91246767e+00   -5.26034636e+00
-1.8106699e+01   -8.51495873e+00   1.00873699e+00  6.1602514e+01   -6.50161613e+00   -9.75773317e+00
-1.8084959e+01   -8.86050222e+00   1.51310549e+00  9.0013965e+01   -8.74738758e+00   -1.44726611e+01
-1.8063219e+01   -9.20604571e+00   2.01747398e+00  1.2000339e+02   -1.08619306e+01   -1.96492496e+01
-1.8041479e+01   -9.55158920e+00   2.52184248e+00  1.5233211e+02   -1.29683625e+01   -2.53214557e+01
-1.8019740e+01   -9.89713270e+00   3.02621097e+00  1.8776268e+02   -1.51313798e+01   -3.14400477e+01
-1.7998000e+01   -1.02426762e+01   3.53057947e+00  2.2747139e+02   -1.73968498e+01   -3.79919800e+01
-1.7976260e+01   -1.05882197e+01   4.03494797e+00  2.7428200e+02   -1.98828125e+01   -4.52931787e+01
-1.7954520e+01   -1.09337632e+01   4.53931646e+00  3.4182274e+02   -2.29831330e+01   -5.60967316e+01
-2.6128438e+01   -4.16941523e+00   5.04368496e-01  3.9757940e+01   1.44260442e-01   -4.54110409e+00
-2.6106699e+01   -4.51495873e+00   1.00873699e+00  7.2564749e+01   1.10409183e-01   -7.51876575e+00
-2.6084959e+01   -4.86050222e+00   1.51310549e+00  1.0421064e+02   -4.77883769e-01   -9.98401718e+00
-2.6063219e+01   -5.20604571e+00   2.01747398e+00  1.3591905e+02   -1.57866150e+00   -1.20746062e+01
-2.6041479e+01   -5.55158920e+00   2.52184248e+00  1.6852696e+02   -3.17216064e+00   -1.38089946e+01
-2.6019740e+01   -5.89713270e+00   3.02621097e+00  2.0301330e+02   -5.27391415e+00   -1.52206150e+01
-2.5998000e+01   -6.24267619e+00   3.53057947e+00  2.4088696e+02   -7.93897928e+00   -1.64247146e+01
-2.5976260e+01   -6.58821968e+00   4.03494797e+00  2.8537878e+02   -1.13186283e+01   -1.76868441e+01
-2.5954520e+01   -6.93376317e+00   4.53931646e+00  3.5069652e+02   -1.62993804e+01   -1.96717905e+01
-2.2128438e+01   -4.16941523e+00   5.04368496e-01  3.6497664e+01   -3.91928453e+00   -5.09405987e+00
-2.2106699e+01   -4.51495873e+00   1.00873699e+00  6.6471520e+01   -6.67086683e+00   -9.01813135e+00
-2.2084959e+01   -4.86050222e+00   1.51310549e+00  9.5486689e+01   -9.10377620e+00   -1.26296776e+01
-2.2063219e+01   -5.20604571e+00   2.01747398e+00  1.2483761e+02   -1.13551912e+01   -1.61256751e+01
-2.2041479e+01   -5.55158920e+00   2.52184248e+00  1.5547281e+02   -1.35173775e+01   -1.95771479e+01
-2.2019740e+01   -5.89713270e+00   3.02621097e+00  1.8851466e+02   -1.56913827e+01   -2.30448682e+01
-2.1998000e+01   -6.24267619e+00   3.53057947e+00  2.2560483e+02   -1.80237795e+01   -2.66384306e+01
-2.1976260e+01   -6.58821968e+00   4.03494797e+00  2.6999357e+02   -2.07838649e+01   -3.06623422e+01
-2.1954520e+01   -6.93376317e+00   4.53931646e+00  3.3540894e+02   -2.49356908e+01   -3.66724394e+01
-1.8128438e+01   -4.16941523e+00   5.04368496e-01  3.9035180e+01   -7.66155737e+00   -5.64213720e+00
-1.8106699e+01   -4.51495873e+00   1.00873699e+00  7.1268709e+01   -1.30655030e+01   -1.04910000e+01
-1.8084959e+01   -4.86050222e+00   1.51310549e+00  1.0249815e+02   -1.74322082e+01   -1.52248805e+01
-1.8063219e+01   -5.20604571e+00   2.01747398e+00  1.3400264e+02   -2.10335497e+01   -2.01116250e+01
-1.8041479e+01   -5.55158920e+00   2.52184248e+00  1.6664476e+02   -2.40370011e+01   -2.52844085e+01
-1.8019740e+01   -5.89713270e+00   3.02621097e+00  2.0139805e+02   -2.65935779e+01   -3.08419590e+01
-1.7998000e+01   -6.24267619e+00   3.53057947e+00  2.3973275e+02   -2.89063233e+01   -3.69014451e+01
-1.7976260e+01   -6.58821968e+00   4.03494797e+00  2.8480477e+02   -3.13380215e+01   -4.38175654e+01
-1.7954520e+01   -6.93376317e+00   4.53931646e+00  3.5070539e+02   -3.49859901e+01   -5.40130138e+01
7.0989165e-01   3.72280090e+01   5.04368496e-01  3.3901428e+01   -2.34360359e+00   -4.69876143e+00
7.3163141e-01   3.68824655e+01   1.00873699e+00  6.2322942e+01   -4.42135715e+00   -7.78791038e+00
7.5337116e-01   3.65369220e+01   1.51310549e+00  9.0968472e+01   -6.73739177e+00   -1.02357408e+01
7.7511092e-01   3.61913785e+01   2.01747398e+00  1.2116547e+02   -9.27865485e+00   -1.22439032e+01
7.9685067e-01   3.58458351e+01   2.52184248e+00  1.5367984e+02   -1.20400123e+01   -1.39037059e+01
8.1859042e-01   3.55002916e+01   3.02621097e+00  1.8924139e+02   -1.50394746e+01   -1.53128813e+01
8.4033018e-01   3.51547481e+01   3.53057947e+00  2.2896771e+02   -1.83330586e+01   -1.66203062e+01
8.6206993e-01   3.48092046e+01   4.03494797e+00  2.7561761e+02   -2.21191226e+01   -1.80803606e+01
8.8380968e-01   3.44636611e+01   4.53931646e+00  3.4279724e+02   -2.77283016e+01   -2.01854130e+01
4.7098917e+00   3.72280090e+01   5.04368496e-01  2.7945732e+01   -6.35098996e-02   -4.61510458e+00
4.7316314e+00   3.68824655e+01   1.00873699e+00  5.2072112e+01   3.11205684e-01   -7.83883084e+00
4.7533712e+00   3.65369220e+01   1.51310549e+00  7.7127744e+01   4.89813746e-01   -1.07101834e+01
4.7751109e+00   3.61913785e+01   2.01747398e+00  1.0429528e+02   3.54702942e-01   -1.33793005e+01
4.7968507e+00   3.58458351e+01   2.52184248e+00  1.3434964e+02   -1.83462437e-01   -1.58906591e+01
4.8185904e+00   3.55002916e+01   3.02621097e+00  1.6809214e+02   -1.18315994e+00   -1.82733792e+01
4.8403302e+00   3.51547481e+01   3.53057947e+00  2.0670357e+02   -2.68722805e+00   -2.05947189e+01
4.8620699e+00   3.48092046e+01   4.03494797e+00  2.5287122e+02   -4.77072630e+00   -2.30807754e+01
4.8838097e+00   3.44636611e+01   4.53931646e+00  3.1941997e+02   -7.73705006e+00   -2.69162834e+01
8.7098917e+00   3.72280090e+01   5.04368496e-01  3.1517345e+01   9.16460228e-01   -4.73093496e+00
8.7316314e+00   3.68824655e+01   1.00873699e+00  5.8118460e+01   2.39945108e+00   -8.38467436e+00
8.7533712e+00   3.65369220e+01   1.51310549e+00  8.5070804e+01   3.77018888e+00   -1.20310620e+01
8.7751109e+00   3.61913785e+01   2.01747398e+00  1.1354739e+02   4.88341314e+00   -1.57902837e+01
8.7968507e+00   3.58458351e+01   2.52184248e+00  1.4424631e+02   5.63246062e+00   -1.96429472e+01
8.8185904e+00   3.55002916e+01   3.02621097e+00  1.7789736e+02   5.95224430e+00   -2.35281672e+01
8.8403302e+00   3.51547481e+01   3.53057947e+00  2.1564846e+02   5.80570465e+00   -2.74278395e+01
8.8620699e+00   3.48092046e+01   4.03494797e+00  2.6023514e+02   5.17654529e+00   -3.15703036e+01
8.8838097e+00   3.44636611e+01   4.53931646e+00  3.2469249e+02   4.47397550e+00   -3.79822843e+01
7.0989165e-01   4.12280090e+01   5.04368496e-01  3.4583651e+01   -8.71969749e-01   -4.57145346e+00
7.3163141e-01   4.08824655e+01   1.00873699e+00  6.3174733e+01   -1.70282236e+00   -7.49508165e+00
7.5337116e-01   4.05369220e+01   1.51310549e+00  9.1509201e+01   -2.88683622e+00   -9.77411761e+00
7.7511092e-01   4.01913785e+01   2.01747398e+00  1.2089132e+02   -4.37084848e+00   -1.15686387e+01
7.9685067e-01   3.98458351e+01   2.52184248e+00  1.5211432e+02   -6.13308912e+00   -1.29350426e+01
8.1859042e-01   3.95002916e+01   3.02621097e+00  1.8599262e+02   -8.19564272e+00   -1.39456725e+01
8.4033018e-01   3.91547481e+01   3.53057947e+00  2.2376645e+02   -1.06299580e+01   -1.47389412e+01
8.6206993e-01   3.88092046e+01   4.03494797e+00  2.6830423e+02   -1.36205772e+01   -1.55677329e+01
8.8380968e-01   3.84636611e+01   4.53931646e+00  3.3302788e+02   -1.81737463e+01   -1.69060065e+01
4.7098917e+00   4.12280090e+01   5.04368496e-01  2.9199539e+01   -1.78663329e+00   -4.81670806e+00
4.7316314e+00   4.08824655e+01   1.00873699e+00  5.4008029e+01   -2.82657056e+00   -8.38692900e+00
4.7533712e+00   4.05369220e+01   1.51310549e+00  7.9286900e+01   -3.81915619e+00   -1.17214706e+01
4.7751109e+00   4.01913785e+01   2.01747398e+00  1.0620371e+02   -4.85200044e+00   -1.49895394e+01
4.7968507e+00   3.98458351e+01   2.52184248e+00  1.3555345e+02   -5.98252502e+00   -1.82105602e+01
4.8185904e+00   3.95002916e+01   3.02621097e+00  1.6820750e+02   -7.25785476e+00   -2.13763056e+01
4.8403302e+00   3.91547481e+01   3.53057947e+00  2.0545419e+02   -8.73205011e+00   -2.45321637e+01
4.8620699e+00   3.88092046e+01   4.03494797e+00  2.5009488e+02   -1.05142886e+01   -2.79362828e+01
4.8838097e+00   3.84636611e+01   4.53931646e+00  3.1492558e+02   -1.29892148e+01   -3.31194725e+01
8.7098917e+00   4.12280090e+01   5.04368496e-01  3.2741799e+01   -3.00507345e+00   -5.12857839e+00
8.7316314e+00   4.08824655e+01   1.00873699e+00  6.0172037e+01   -4.71268523e+00   -9.39837995e+00
8.7533712e+00   4.05369220e+01   1.51310549e+00  8.7797029e+01   -6.05587503e+00   -1.38131932e+01
8.7751109e+00   4.01913785e+01   2.01747398e+00  1.1686804e+02   -7.22812684e+00   -1.85924316e+01
8.7968507e+00   3.98458351e+01   2.52184248e+00  1.4811784e+02   -8.34013417e+00   -2.37548944e+01
8.8185904e+00   3.95002916e+01   3.02621097e+00  1.8228136e+02   -9.44609040e+00   -2.92423652e+01
8.8403302e+00   3.91547481e+01   3.53057947e+00  2.2049728e+02   -1.05733409e+01   -3.50310707e+01
8.8620699e+00   3.88092046e+01   4.03494797e+00  2.6550240e+02   -1.17744701e+01   -4.14019627e+01
8.8838097e+00   3.84636611e+01   4.53931646e+00  3.3047547e+02   -1.30401223e+01   -5.09367157e+01
7.0989165e-01   4.52280090e+01   5.04368496e-01  3.9226644e+01   5.13746708e-01   -4.49174911e+00
7.3163141e-01   4.48824655e+01   1.00873699e+00  7.1550436e+01   8.65162014e-01   -7.39825891e+00
7.5337116e-01   4.45369220e+01   1.51310549e+00  1.0268878e+02   6.90211249e-01   -9.78804766e+00
7.7511092e-01   4.41913785e+01   2.01747398e+00  1.3384998e+02   3.82647046e-02   -1.17933662e+01
7.9685067e-01   4.38458351e+01   2.52184248e+00  1.6585967e+02   -1.06263422e+00   -1.34279973e+01
8.1859042e-01   4.35002916e+01   3.02621097e+00  1.9968158e+02   -2.61639516e+00   -1.47201646e+01
8.4033018e-01   4.31547481e+01   3.53057947e+00  2.3679888e+02   -4.65705654e+00   -1.57787218e+01
8.6206993e-01   4.28092046e+01   4.03494797e+00  2.8038438e+02   -7.28298422e+00   -1.68620859e+01
8.8380968e-01   4.24636611e+01   4.53931646e+00  3.4438172e+02   -1.11059882e+01   -1.86666757e+01
4.7098917e+00   4.52280090e+01   5.04368496e-01  3.6008663e+01   -3.41535779e+00   -5.02483656e+00
4.7316314e+00   4.48824655e+01   1.00873699e+00  6.5543377e+01   -5.66721712e+00   -8.84293225e+00
4.7533712e+00   4.45369220e+01   1.51310549e+00  9.4098250e+01   -7.58191637e+00   -1.23342574e+01
4.7751109e+00   4.41913785e+01   2.01747398e+00  1.2294988e+02   -9.28544813e+00   -1.56873670e+01
4.7968507e+00   4.38458351e+01   2.52184248e+00  1.5303208e+02   -1.08591115e+01   -1.89659318e+01
4.8185904e+00   4.35002916e+01   3.02621097e+00  1.8544798e+02   -1.23895971e+01   -2.22230377e+01
4.8403302e+00   4.31547481e+01   3.53057947e+00  2.2180952e+02   -1.39981494e+01   -2.55592334e+01
4.8620699e+00   4.28092046e+01   4.03494797e+00  2.6530674e+02   -1.58916760e+01   -2.92659166e+01
4.8838097e+00   4.24636611e+01   4.53931646e+00  3.2941146e+02   -1.87214374e+01   -3.48946119e+01
8.7098917e+00   4.52280090e+01   5.04368496e-01  3.8489170e+01   -7.08710867e+00   -5.56221059e+00
8.7316314e+00   4.48824655e+01   1.00873699e+00  7.0245833e+01   -1.19480516e+01   -1.02864580e+01
8.7533712e+00   4.45369220e+01   1.51310549e+00  1.0098844e+02   -1.57723789e+01   -1.48769393e+01
8.7751109e+00   4.41913785e+01   2.01747398e+00  1.3197603e+02   -1.88193356e+01   -1.95917733e+01
8.7968507e+00   4.38458351e+01   2.52184248e+00  1.6405613e+02   -2.12459989e+01   -2.45559348e+01
8.8185904e+00   4.35002916e+01   3.02621097e+00  1.9818455e+02   -2.31905826e+01   -2.98602839e+01
8.8403302e+00   4.31547481e+01   3.53057947e+00  2.3580457e+02   -2.48330180e+01   -3.56133019e+01
8.8620699e+00   4.28092046e+01   4.03494797e+00  2.8001490e+02   -2.64778413e+01   -4.21553636e+01
8.8838097e+00   4.24636611e+01   4.53931646e+00  3.4465382e+02   -2.89319064e+01   -5.18790578e+01
4.1772423e+01   2.48751895e+01   5.04368496e-01  3.0132089e+01   -6.50720324e+00   -5.42536656e+00
4.1794163e+01   2.45296460e+01   1.00873699e+00  5.2355678e+01   -1.11269996e+01   -9.54191074e+00
4.1815903e+01   2.41841025e+01   1.51310549e+00  7.3484063e+01   -1.50045503e+01   -1.29102802e+01
4.1837643e+01   2.38385590e+01   2.01747398e+00  9.5584539e+01   -1.86048778e+01   -1.60627254e+01
4.1859382e+01   2.34930155e+01   2.52184248e+00  1.1977216e+02   -2.20858196e+01   -1.92772607e+01
4.1881122e+01   2.31474720e+01   3.02621097e+00  1.4707021e+02   -2.55432606e+01   -2.27424200e+01
4.1902862e+01   2.28019285e+01   3.53057947e+00  1.7894868e+02   -2.90999807e+01   -2.67157492e+01
4.1924602e+01   2.24563850e+01   4.03494797e+00  2.1866387e+02   -3.30638351e+01   -3.17937124e+01
4.1946341e+01   2.21108415e+01   4.53931646e+00  2.8012292e+02   -3.86847512e+01   -4.04296355e+01
4.5772423e+01   2.48751895e+01   5.04368496e-01  2.5758694e+01   -4.63167184e+00   -5.32644277e+00
4.5794163e+01   2.45296460e+01   1.00873699e+00  4.7922226e+01   -8.18831154e+00   -9.89820238e+00
4.5815903e+01   2.41841025e+01   1.51310549e+00  7.1129241e+01   -1.15085766e+01   -1.46065786e+01
4.5837643e+01   2.38385590e+01   2.01747398e+00  9.6668842e+01   -1.47206912e+01   -1.96461557e+01
4.5859382e+01   2.34930155e+01   2.52184248e+00  1.2541362e+02   -1.79111473e+01   -2.50706981e+01
4.5881122e+01   2.31474720e+01   3.02621097e+00  1.5824540e+02   -2.11247396e+01   -3.09147042e+01
4.5902862e+01   2.28019285e+01   3.53057947e+00  1.9640337e+02   -2.43934008e+01   -3.72802874e+01
4.5924602e+01   2.24563850e+01   4.03494797e+00  2.4257280e+02   -2.78527529e+01   -4.45926925e+01
4.5946341e+01   2.21108415e+01   4.53931646e+00  3.0927649e+02   -3.22390996e+01   -5.55887323e+01
4.9772423e+01   2.48751895e+01   5.04368496e-01  3.0886930e+01   -1.84598087e+00   -5.17887621e+00
4.9794163e+01   2.45296460e+01   1.00873699e+00  5.7327292e+01   -2.90354415e+00   -9.68529772e+00
4.9815903e+01   2.41841025e+01   1.51310549e+00  8.4648280e+01   -3.99514121e+00   -1.45282448e+01
4.9837643e+01   2.38385590e+01   2.01747398e+00  1.1410347e+02   -5.29204154e+00   -1.99053066e+01
4.9859382e+01   2.34930155e+01   2.52184248e+00  1.4638781e+02   -6.89650891e+00   -2.58529798e+01
4.9881122e+01   2.31474720e+01   3.02621097e+00  1.8214201e+02   -8.83883596e+00   -3.23501560e+01
4.9902862e+01   2.28019285e+01   3.53057947e+00  2.2237085e+02   -1.11057220e+01   -3.94265502e+01
4.9924602e+01   2.24563850e+01   4.03494797e+00  2.6968127e+02   -1.37096584e+01   -4.74744468e+01
4.9946341e+01   2.21108415e+01   4.53931646e+00  3.3734657e+02   -1.66248620e+01   -5.96615289e+01
4.1772423e+01   2.88751895e+01   5.04368496e-01  3.4150153e+01   -2.27890259e+00   -4.81655319e+00
4.1794163e+01   2.85296460e+01   1.00873699e+00  6.2224043e+01   -4.52663667e+00   -8.21899563e+00
4.1815903e+01   2.81841025e+01   1.51310549e+00  8.9864092e+01   -7.17203953e+00   -1.11839313e+01
4.1837643e+01   2.78385590e+01   2.01747398e+00  1.1835516e+02   -1.01280384e+01   -1.39003923e+01
4.1859382e+01   2.74930155e+01   2.52184248e+00  1.4849925e+02   -1.33276383e+01   -1.64278165e+01
4.1881122e+01   2.71474720e+01   3.02621097e+00  1.8114048e+02   -1.67531616e+01   -1.88289510e+01
4.1902862e+01   2.68019285e+01   3.53057947e+00  2.1755817e+02   -2.04593812e+01   -2.12455694e+01
4.1924602e+01   2.64563850e+01   4.03494797e+00  2.6063211e+02   -2.46772889e+01   -2.40110061e+01
4.1946341e+01   2.61108415e+01   4.53931646e+00  3.2351234e+02   -3.07546002e+01   -2.81920396e+01
4.5772423e+01   2.88751895e+01   5.04368496e-01  2.8590783e+01   -3.13399001e+00   -5.08739336e+00
4.5794163e+01   2.85296460e+01   1.00873699e+00  5.2837719e+01   -5.64218310e+00   -9.19760457e+00
4.5815903e+01   2.81841025e+01   1.51310549e+00  7.7521949e+01   -8.25163059e+00   -1.33074681e+01
4.5837643e+01   2.78385590e+01   2.01747398e+00  1.0381547e+02   -1.10210743e+01   -1.76131721e+01
4.5859382e+01   2.74930155e+01   2.52184248e+00  1.3253091e+02   -1.39691938e+01   -2.21438477e+01
4.5881122e+01   2.71474720e+01   3.02621097e+00  1.6455996e+02   -1.71060864e+01   -2.68946201e+01
4.5902862e+01   2.68019285e+01   3.53057947e+00  2.0120660e+02   -2.04691008e+01   -3.19322594e+01
4.5924602e+01   2.64563850e+01   4.03494797e+00  2.4526464e+02   -2.42261614e+01   -3.76220162e+01
4.5946341e+01   2.61108415e+01   4.53931646e+00  3.0936206e+02   -2.92492303e+01   -4.61546955e+01
4.9772423e+01   2.88751895e+01   5.04368496e-01  3.2040837e+01   -3.80576519e+00   -5.31159948e+00
4.9794163e+01   2.85296460e+01   1.00873699e+00  5.8960370e+01   -6.42718472e+00   -9.96113670e+00
4.9815903e+01   2.81841025e+01   1.51310549e+00  8.6174921e+01   -8.81637446e+00   -1.49323983e+01
4.9837643e+01   2.78385590e+01   2.01747398e+00  1.1493745e+02   -1.11545758e+01   -2.04622359e+01
4.9859382e+01   2.74930155e+01   2.52184248e+00  1.4599060e+02   -1.35352707e+01   -2.65797916e+01
4.9881122e+01   2.71474720e+01   3.02621097e+00  1.8007737e+02   -1.59958482e+01   -3.32372854e+01
4.9902862e+01   2.68019285e+01   3.53057947e+00  2.1833856e+02   -1.85592015e+01   -4.04387072e+01
4.9924602e+01   2.64563850e+01   4.03494797e+00  2.6350177e+02   -2.13253482e+01   -4.85598667e+01
4.9946341e+01   2.61108415e+01   4.53931646e+00  3.2869256e+02   -2.46379588e+01   -6.07023467e+01
4.1772423e+01   3.28751895e+01   5.04368496e-01  3.8399309e+01   5.29963127e-01   -4.59015122e+00
4.1794163e+01   3.25296460e+01   1.00873699e+00  7.0149068e+01   6.81798561e-01   -7.73015301e+00
4.1815903e+01   3.21841025e+01   1.51310549e+00  1.0083024e+02   1.18568266e-01   -1.04680711e+01
4.1837643e+01   3.18385590e+01   2.01747398e+00  1.3161233e+02   -1.07999616e+00   -1.29263224e+01
4.1859382e+01   3.14930155e+01   2.52184248e+00  1.6329376e+02   -2.85655978e+00   -1.51173176e+01
4.1881122e+01   3.11474720e+01   3.02621097e+00  1.9681436e+02   -5.19101751e+00   -1.70740431e+01
4.1902862e+01   3.08019285e+01   3.53057947e+00  2.3363324e+02   -8.10628237e+00   -1.89218000e+01
4.1924602e+01   3.04563850e+01   4.03494797e+00  2.7688717e+02   -1.17217368e+01   -2.09732793e+01
4.1946341e+01   3.01108415e+01   4.53931646e+00  3.4037222e+02   -1.68234453e+01   -2.42306216e+01
4.5772423e+01   3.28751895e+01   5.04368496e-01  3.4882327e+01   -2.56392392e+00   -5.09923364e+00
4.5794163e+01   3.25296460e+01   1.00873699e+00  6.3660290e+01   -4.49039716e+00   -9.17193538e+00
4.5815903e+01   3.21841025e+01   1.51310549e+00  9.1646899e+01   -6.47561889e+00   -1.30915230e+01
4.5837643e+01   3.18385590e+01   2.01747398e+00  1.2006748e+02   -8.56710858e+00   -1.70129749e+01
4.5859382e+01   3.14930155e+01   2.52184248e+00  1.4981964e+02   -1.07843547e+01   -2.09855590e+01
4.5881122e+01   3.11474720e+01   3.02621097e+00  1.8197437e+02   -1.31658706e+01   -2.50606787e+01
4.5902862e+01   3.08019285e+01   3.53057947e+00  2.1811138e+02   -1.58022486e+01   -2.93567667e+01
4.5924602e+01   3.04563850e+01   4.03494797e+00  2.6137605e+02   -1.89003233e+01   -3.42364870e+01
4.5946341e+01   3.01108415e+01   4.53931646e+00  3.2507842e+02   -2.32131084e+01   -4.16680758e+01
4.9772423e+01   3.28751895e+01   5.04368496e-01  3.6968370e+01   -6.27060826e+00   -5.61103766e+00
4.9794163e+01   3.25296460e+01   1.00873699e+00  6.7739830e+01   -1.07170983e+01   -1.05382137e+01
4.9815903e+01   3.21841025e+01   1.51310549e+00  9.7779828e+01   -1.44485686e+01   -1.54889565e+01
4.9837643e+01   3.18385590e+01   2.01747398e+00  1.2827644e+02   -1.76716177e+01   -2.06927205e+01
4.9859382e+01   3.14930155e+01   2.52184248e+00  1.6002940e+02   -2.04987425e+01   -2.62611680e+01
4.9881122e+01   3.11474720e+01   3.02621097e+00  1.9395404e+02   -2.30312121e+01   -3.22831560e+01
4.9902862e+01   3.08019285e+01   3.53057947e+00  2.3145373e+02   -2.54222659e+01   -3.88839482e+01
4.9924602e+01   3.04563850e+01   4.03494797e+00  2.7557355e+02   -2.79659540e+01   -4.64714317e+01
4.9946341e+01   3.01108415e+01   4.53931646e+00  3.3997556e+02   -3.14864076e+01   -5.78381705e+01
3.3570799e+01   1.61154314e+01   5.04368496e-01  3.4000694e+01   -3.15446660e+00   -4.80485201e+00
3.3592539e+01   1.57698879e+01   1.00873699e+00  6.2846004e+01   -5.93621077e+00   -8.09247956e+00
3.3614279e+01   1.54243444e+01   1.51310549e+00  9.2192680e+01   -8.88077426e+00   -1.08248504e+01
3.3636018e+01   1.50788009e+01   2.01747398e+00  1.2332713e+02   -1.19763465e+01   -1.32218159e+01
3.3657758e+01   1.47332574e+01   2.52184248e+00  1.5697880e+02   -1.52154483e+01   -1.53766123e+01
3.3679498e+01   1.43877139e+01   3.02621097e+00  1.9385016e+02   -1.86104810e+01   -1.73828343e+01
3.3701238e+01   1.40421704e+01   3.53057947e+00  2.3504887e+02   -2.22085127e+01   -1.93917191e+01
3.3722977e+01   1.36966269e+01   4.03494797e+00  2.8337345e+02   -2.62054527e+01   -2.16960549e+01
3.3744717e+01   1.33510834e+01   4.53931646e+00  3.5278450e+02   -3.19913445e+01   -2.50622930e+01
3.7570799e+01   1.61154314e+01   5.04368496e-01  2.8836523e+01   -2.46067587e+00   -4.89687321e+00
3.7592539e+01   1.57698879e+01   1.00873699e+00  5.4249160e+01   -4.15136155e+00   -8.59247404e+00
3.7614279e+01   1.54243444e+01   1.51310549e+00  8.1040712e+01   -5.82897149e+00   -1.20847109e+01
3.7636018e+01   1.50788009e+01   2.01747398e+00  1.1035637e+02   -7.63324967e+00   -1.55825543e+01
3.7657758e+01   1.47332574e+01   2.52184248e+00  1.4291396e+02   -9.65693553e+00   -1.91554413e+01
3.7679498e+01   1.43877139e+01   3.02621097e+00  1.7945503e+02   -1.19529906e+01   -2.28416232e+01
3.7701238e+01   1.40421704e+01   3.53057947e+00  2.2111887e+02   -1.45582856e+01   -2.67210725e+01
3.7722977e+01   1.36966269e+01   4.03494797e+00  2.7064307e+02   -1.75834339e+01   -3.10890907e+01
3.7744717e+01   1.33510834e+01   4.53931646e+00  3.4157184e+02   -2.16996899e+01   -3.76150160e+01
4.1570799e+01   1.61154314e+01   5.04368496e-01  3.2525023e+01   -1.52805168e+00   -5.02448637e+00
4.1592539e+01   1.57698879e+01   1.00873699e+00  6.0590402e+01   -2.12633776e+00   -9.15965764e+00
4.1614279e+01   1.54243444e+01   1.51310549e+00  8.9676342e+01   -2.65513063e+00   -1.34316599e+01
4.1636018e+01   1.50788009e+01   2.01747398e+00  1.2101005e+02   -3.33694307e+00   -1.80567577e+01
4.1657758e+01   1.47332574e+01   2.52184248e+00  1.5524718e+02   -4.31554435e+00   -2.30962774e+01
4.1679498e+01   1.43877139e+01   3.02621097e+00  1.9300003e+02   -5.65531248e+00   -2.85477421e+01
4.1701238e+01   1.40421704e+01   3.53057947e+00  2.3527444e+02   -7.37014945e+00   -3.44344742e+01
4.1722977e+01   1.36966269e+01   4.03494797e+00  2.8476583e+02   -9.48681871e+00   -4.10688026e+01
4.1744717e+01   1.33510834e+01   4.53931646e+00  3.5538426e+02   -1.19888042e+01   -5.10552113e+01
3.3570799e+01   2.01154314e+01   5.04368496e-01  3.2437004e+01   -1.79195939e+00   -4.62007269e+00
3.3592539e+01   1.97698879e+01   1.00873699e+00  5.9692784e+01   -3.40226036e+00   -7.59735225e+00
3.3614279e+01   1.94243444e+01   1.51310549e+00  8.7126127e+01   -5.27673133e+00   -9.93833062e+00
3.3636018e+01   1.90788009e+01   2.01747398e+00  1.1595269e+02   -7.38659958e+00   -1.18346101e+01
3.3657758e+01   1.87332574e+01   2.52184248e+00  1.4691644e+02   -9.73216035e+00   -1.33601327e+01
3.3679498e+01   1.83877139e+01   3.02621097e+00  1.8079700e+02   -1.23550578e+01   -1.45948502e+01
3.3701238e+01   1.80421704e+01   3.53057947e+00  2.1880556e+02   -1.53463746e+01   -1.56799666e+01
3.3722977e+01   1.76966269e+01   4.03494797e+00  2.6377441e+02   -1.89332199e+01   -1.68767562e+01
3.3744717e+01   1.73510834e+01   4.53931646e+00  3.2901445e+02   -2.43754518e+01   -1.86871560e+01
3.7570799e+01   2.01154314e+01   5.04368496e-01  2.6457711e+01   -4.28246524e+00   -4.95350554e+00
3.7592539e+01   1.97698879e+01   1.00873699e+00  4.9794175e+01   -7.25027373e+00   -8.63011121e+00
3.7614279e+01   1.94243444e+01   1.51310549e+00  7.4271089e+01   -9.81604297e+00   -1.19977315e+01
3.7636018e+01   1.90788009e+01   2.01747398e+00  1.0089721e+02   -1.21649752e+01   -1.52975489e+01
3.7657758e+01   1.87332574e+01   2.52184248e+00  1.3038297e+02   -1.44282969e+01   -1.86051649e+01
3.7679498e+01   1.83877139e+01   3.02621097e+00  1.6354239e+02   -1.67179035e+01   -2.19553419e+01
3.7701238e+01   1.80421704e+01   3.53057947e+00  2.0162025e+02   -1.91560035e+01   -2.54207757e+01
3.7722977e+01   1.76966269e+01   4.03494797e+00  2.4738466e+02   -2.19729149e+01   -2.92740718e+01
3.7744717e+01   1.73510834e+01   4.53931646e+00  3.1362717e+02   -2.61538321e+01   -3.49700825e+01
4.1570799e+01   2.01154314e+01   5.04368496e-01  3.0177364e+01   -4.83978764e+00   -5.22895151e+00
4.1592539e+01   1.97698879e+01   1.00873699e+00  5.5890306e+01   -8.09116361e+00   -9.57453639e+00
4.1614279e+01   1.94243444e+01   1.51310549e+00  8.2442523e+01   -1.08041205e+01   -1.40226163e+01
4.1636018e+01   1.90788009e+01   2.01747398e+00  1.1108603e+02   -1.32181731e+01   -1.88598690e+01
4.1657758e+01   1.87332574e+01   2.52184248e+00  1.4252776e+02   -1.54765439e+01   -2.41587589e+01
4.1679498e+01   1.83877139e+01   3.02621097e+00  1.7744538e+02   -1.76608684e+01   -2.99032942e+01
4.1701238e+01   1.80421704e+01   3.53057947e+00  2.1690198e+02   -1.98338604e+01   -3.61013896e+01
4.1722977e+01   1.76966269e+01   4.03494797e+00  2.6356313e+02   -2.21401236e+01   -4.30617565e+01
4.1744717e+01   1.73510834e+01   4.53931646e+00  3.3062044e+02   -2.51017648e+01   -5.33585074e+01
3.3570799e+01   2.41154314e+01   5.04368496e-01  3.4429289e+01   -5.21536101e-01   -4.49679509e+00
3.3592539e+01   2.37698879e+01   1.00873699e+00  6.3329104e+01   -1.08589628e+00   -7.32988638e+00
3.3614279e+01   2.34243444e+01   1.51310549e+00  9.1746774e+01   -2.08160133e+00   -9.56592216e+00
3.3636018e+01   2.30788009e+01   2.01747398e+00  1.2077117e+02   -3.46730413e+00   -1.13743769e+01
3.3657758e+01   2.27332574e+01   2.52184248e+00  1.5115590e+02   -5.22774694e+00   -1.28021681e+01
3.3679498e+01   2.23877139e+01   3.02621097e+00  1.8378974e+02   -7.38527920e+00   -1.39037414e+01
3.3701238e+01   2.20421704e+01   3.53057947e+00  2.2005771e+02   -1.00056585e+01   -1.48014765e+01
3.3722977e+01   2.16966269e+01   4.03494797e+00  2.6296083e+02   -1.32624055e+01   -1.57402541e+01
3.3744717e+01   2.13510834e+01   4.53931646e+00  3.2579001e+02   -1.81478177e+01   -1.72166258e+01
3.7570799e+01   2.41154314e+01   5.04368496e-01  2.7575565e+01   -5.16502258e+00   -4.98508322e+00
3.7592539e+01   2.37698879e+01   1.00873699e+00  5.1430581e+01   -9.10922559e+00   -8.56837393e+00
3.7614279e+01   2.34243444e+01   1.51310549e+00  7.5713346e+01   -1.26160322e+01   -1.16155949e+01
3.7636018e+01   2.30788009e+01   2.01747398e+00  1.0141955e+02   -1.57840520e+01   -1.43363223e+01
3.7657758e+01   2.27332574e+01   2.52184248e+00  1.2935376e+02   -1.86961448e+01   -1.68220855e+01
3.7679498e+01   2.23877139e+01   3.02621097e+00  1.6052882e+02   -2.14578412e+01   -1.91757205e+01
3.7701238e+01   2.20421704e+01   3.53057947e+00  1.9644365e+02   -2.42294994e+01   -2.15592024e+01
3.7722977e+01   2.16966269e+01   4.03494797e+00  2.4005537e+02   -2.73355197e+01   -2.42806399e+01
3.7744717e+01   2.13510834e+01   4.53931646e+00  3.0394797e+02   -3.21957261e+01   -2.83382377e+01
4.1570799e+01   2.41154314e+01   5.04368496e-01  2.6488542e+01   -6.61985621e+00   -5.72519332e+00
4.1592539e+01   2.37698879e+01   1.00873699e+00  4.6383152e+01   -1.11821020e+01   -9.82919263e+00
4.1614279e+01   2.34243444e+01   1.51310549e+00  6.6354776e+01   -1.51551081e+01   -1.34420983e+01
4.1636018e+01   2.30788009e+01   2.01747398e+00  8.7869160e+01   -1.87291094e+01   -1.69882990e+01
4.1657758e+01   2.27332574e+01   2.52184248e+00  1.1192736e+02   -2.20437416e+01   -2.06632183e+01
4.1679498e+01   2.23877139e+01   3.02621097e+00  1.3979122e+02   -2.52739685e+01   -2.46304392e+01
4.1701238e+01   2.20421704e+01   3.53057947e+00  1.7372096e+02   -2.87459897e+01   -2.90737662e+01
4.1722977e+01   2.16966269e+01   4.03494797e+00  2.1936273e+02   -3.31472415e+01   -3.41485782e+01
4.1744717e+01   2.13510834e+01   4.53931646e+00  2.9499469e+02   -3.85951939e+01   -4.15575859e+01
