0   0.00000000e+00   0.00000000e+00
0   4.03425580e-01   1.95694716e-03
0   8.06851160e-01   1.95694716e-03
0   1.21027674e+00   1.95694716e-03
0   1.61370232e+00   1.95694716e-03
0   2.01712790e+00   1.95694716e-03
0   2.42055348e+00   1.66340509e-02
0   2.82397906e+00   1.66340509e-02
0   3.22740464e+00   3.03938356e-02
0   3.63083022e+00   3.03938356e-02
0   4.03425580e+00   3.03938356e-02
0   4.43768138e+00   4.40924658e-02
0   4.84110696e+00   6.97773973e-02
0   5.24453254e+00   6.97773973e-02
0   5.64795812e+00   6.97773973e-02
0   6.05138370e+00   8.11368640e-02
0   6.45480928e+00   9.44838552e-02
0   6.85823486e+00   1.18334149e-01
0   7.26166044e+00   1.18334149e-01
0   7.66508602e+00   1.18639922e-01
0   8.06851160e+00   1.40594423e-01
0   8.47193718e+00   1.40594423e-01
0   8.87536276e+00   1.74351761e-01
0   9.27878834e+00   1.84686888e-01
0   9.68221392e+00   2.05234834e-01
0   1.00856395e+01   2.05234834e-01
0   1.04890651e+01   2.05234834e-01
0   1.08924907e+01   2.54105002e-01
0   1.12959162e+01   2.55259295e-01
0   1.16993418e+01   2.74094912e-01
0   1.21027674e+01   2.82893530e-01
0   1.25061930e+01   3.00391389e-01
0   1.29096186e+01   3.10176125e-01
0   1.33130441e+01   3.28522505e-01
0   1.37164697e+01   3.61790607e-01
0   1.41198953e+01   3.61790607e-01
0   1.45233209e+01   3.77690802e-01
0   1.49267465e+01   3.78852740e-01
0   1.53301720e+01   4.10408513e-01
0   1.57335976e+01   4.40496575e-01
0   1.61370232e+01   4.40496575e-01
0   1.65404488e+01   4.54806751e-01
0   1.69438744e+01   4.68260763e-01
0   1.73472999e+01   5.03975049e-01
0   1.77507255e+01   5.17673679e-01
0   1.81541511e+01   5.23789139e-01
0   1.85575767e+01   5.48617906e-01
0   1.89610023e+01   5.48617906e-01
0   1.93644278e+01   5.80051370e-01
0   1.97678534e+01   6.03045499e-01
0   2.01712790e+01   6.13808708e-01
0   2.05747046e+01   6.24938845e-01
0   2.09781302e+01   6.25045866e-01
0   2.13815557e+01   6.55821918e-01
0   2.17849813e+01   6.77073141e-01
0   2.21884069e+01   6.86521526e-01
0   2.25918325e+01   6.96061644e-01
0   2.29952581e+01   7.13452483e-01
0   2.33986836e+01   7.22235812e-01
0   2.38021092e+01   7.36301370e-01
0   2.42055348e+01   7.56849315e-01
0   2.46089604e+01   7.72504892e-01
0   2.50123859e+01   7.87181996e-01
0   2.54158115e+01   7.87181996e-01
0   2.58192371e+01   8.12010763e-01
0   2.62226627e+01   8.25464775e-01
0   2.66260883e+01   8.31824853e-01
0   2.70295138e+01   8.43811155e-01
0   2.74329394e+01   8.52678571e-01
0   2.78363650e+01   8.71965203e-01
0   2.82397906e+01   8.77140411e-01
0   2.86432162e+01   8.86802838e-01
0   2.90466417e+01   9.01235323e-01
0   2.94500673e+01   9.01235323e-01
0   2.98534929e+01   9.09674658e-01
0   3.02569185e+01   9.20927104e-01
0   3.06603441e+01   9.32057241e-01
0   3.10637696e+01   9.38279721e-01
0   3.14671952e+01   9.38906556e-01
0   3.18706208e+01   9.48568982e-01
0   3.22740464e+01   9.54806751e-01
0   3.26774720e+01   9.63490705e-01
0   3.30808975e+01   9.63490705e-01
0   3.34843231e+01   9.71624266e-01
0   3.38877487e+01   9.75538160e-01
0   3.42911743e+01   9.75538160e-01
0   3.46945999e+01   9.78718200e-01
0   3.50980254e+01   9.83365949e-01
0   3.55014510e+01   9.84741928e-01
0   3.59048766e+01   9.86179061e-01
0   3.63083022e+01   9.88136008e-01
0   3.67117278e+01   9.91438356e-01
0   3.71151533e+01   9.91438356e-01
0   3.75185789e+01   9.92294521e-01
0   3.79220045e+01   9.93762231e-01
0   3.83254301e+01   9.94985323e-01
0   3.87288557e+01   9.95719178e-01
0   3.91322812e+01   9.95719178e-01
0   3.95357068e+01   9.97248043e-01
0   3.99391324e+01   9.97859589e-01
0   4.03425580e+01   9.97859589e-01
0   4.07459836e+01   9.97859589e-01
0   4.11494091e+01   9.99082681e-01
0   4.15528347e+01   9.99082681e-01
0   4.19562603e+01   9.99082681e-01
0   4.23596859e+01   9.99694227e-01
0   4.27631115e+01   9.99694227e-01
0   4.31665370e+01   9.99694227e-01
0   4.35699626e+01   9.99694227e-01
0   4.39733882e+01   9.99938845e-01
0   4.43768138e+01   9.99938845e-01
0   4.47802394e+01   9.99938845e-01
0   4.51836649e+01   9.99938845e-01
0   4.55870905e+01   1.00000000e+00
0   4.59905161e+01   1.00000000e+00
0   4.63939417e+01   1.00000000e+00
0   4.67973673e+01   1.00000000e+00
0   4.72007928e+01   1.00000000e+00
0   4.76042184e+01   1.00000000e+00
0   4.80076440e+01   1.00000000e+00
