0   0.00000000e+00   0.00000000e+00
0   4.03653958e-01   1.95694716e-03
0   8.07307916e-01   1.95694716e-03
0   1.21096187e+00   1.95694716e-03
0   1.61461583e+00   1.95694716e-03
0   2.01826979e+00   1.95694716e-03
0   2.42192375e+00   1.66340509e-02
0   2.82557771e+00   1.66340509e-02
0   3.22923166e+00   3.03938356e-02
0   3.63288562e+00   3.03938356e-02
0   4.03653958e+00   3.03938356e-02
0   4.44019354e+00   4.40924658e-02
0   4.84384750e+00   6.96245108e-02
0   5.24750145e+00   6.97773973e-02
0   5.65115541e+00   6.97773973e-02
0   6.05480937e+00   7.92716487e-02
0   6.45846333e+00   9.38875978e-02
0   6.86211729e+00   1.18295927e-01
0   7.26577124e+00   1.18334149e-01
0   7.66942520e+00   1.23631666e-01
0   8.07307916e+00   1.40594423e-01
0   8.47673312e+00   1.41442943e-01
0   8.88038708e+00   1.73357999e-01
0   9.28404103e+00   1.84686888e-01
0   9.68769499e+00   2.05219545e-01
0   1.00913489e+01   2.05234834e-01
0   1.04950029e+01   2.05234834e-01
0   1.08986569e+01   2.51116071e-01
0   1.13023108e+01   2.55259295e-01
0   1.17059648e+01   2.74094912e-01
0   1.21096187e+01   2.80959516e-01
0   1.25132727e+01   2.98564396e-01
0   1.29169267e+01   3.11490949e-01
0   1.33205806e+01   3.28537794e-01
0   1.37242346e+01   3.59168603e-01
0   1.41278885e+01   3.61790607e-01
0   1.45315425e+01   3.77690802e-01
0   1.49351964e+01   3.83210005e-01
0   1.53388504e+01   4.14001345e-01
0   1.57425044e+01   4.40496575e-01
0   1.61461583e+01   4.41413894e-01
0   1.65498123e+01   4.55632339e-01
0   1.69534662e+01   4.68528315e-01
0   1.73571202e+01   5.03783941e-01
0   1.77607742e+01   5.17658390e-01
0   1.81644281e+01   5.24286020e-01
0   1.85680821e+01   5.48617906e-01
0   1.89717360e+01   5.49244741e-01
0   1.93753900e+01   5.79348092e-01
0   1.97790439e+01   6.02235201e-01
0   2.01826979e+01   6.13541157e-01
0   2.05863519e+01   6.24938845e-01
0   2.09900058e+01   6.28715142e-01
0   2.13936598e+01   6.54950465e-01
0   2.17973137e+01   6.76385152e-01
0   2.22009677e+01   6.87133072e-01
0   2.26046216e+01   6.97391756e-01
0   2.30082756e+01   7.13460127e-01
0   2.34119296e+01   7.22419276e-01
0   2.38155835e+01   7.38953951e-01
0   2.42192375e+01   7.57040423e-01
0   2.46228914e+01   7.72504892e-01
0   2.50265454e+01   7.86868579e-01
0   2.54301994e+01   7.87181996e-01
0   2.58338533e+01   8.11720279e-01
0   2.62375073e+01   8.25464775e-01
0   2.66411612e+01   8.31962451e-01
0   2.70448152e+01   8.43956397e-01
0   2.74484691e+01   8.52678571e-01
0   2.78521231e+01   8.71246636e-01
0   2.82557771e+01   8.77140411e-01
0   2.86594310e+01   8.87337940e-01
0   2.90630850e+01   9.00738442e-01
0   2.94667389e+01   9.01235323e-01
0   2.98703929e+01   9.10981837e-01
0   3.02740468e+01   9.21416341e-01
0   3.06777008e+01   9.32118395e-01
0   3.10813548e+01   9.38746025e-01
0   3.14850087e+01   9.40060849e-01
0   3.18886627e+01   9.48568982e-01
0   3.22923166e+01   9.56213307e-01
0   3.26959706e+01   9.63490705e-01
0   3.30996246e+01   9.63681813e-01
0   3.35032785e+01   9.71624266e-01
0   3.39069325e+01   9.75538160e-01
0   3.43105864e+01   9.75538160e-01
0   3.47142404e+01   9.79467343e-01
0   3.51178943e+01   9.83365949e-01
0   3.55215483e+01   9.85896221e-01
0   3.59252023e+01   9.86179061e-01
0   3.63288562e+01   9.89053327e-01
0   3.67325102e+01   9.91430712e-01
0   3.71361641e+01   9.91438356e-01
0   3.75398181e+01   9.92294521e-01
0   3.79434721e+01   9.93762231e-01
0   3.83471260e+01   9.94985323e-01
0   3.87507800e+01   9.95719178e-01
0   3.91544339e+01   9.95719178e-01
0   3.95580879e+01   9.97248043e-01
0   3.99617418e+01   9.97859589e-01
0   4.03653958e+01   9.97859589e-01
0   4.07690498e+01   9.98463491e-01
0   4.11727037e+01   9.99082681e-01
0   4.15763577e+01   9.99082681e-01
0   4.19800116e+01   9.99082681e-01
0   4.23836656e+01   9.99694227e-01
0   4.27873195e+01   9.99694227e-01
0   4.31909735e+01   9.99694227e-01
0   4.35946275e+01   9.99694227e-01
0   4.39982814e+01   9.99938845e-01
0   4.44019354e+01   9.99938845e-01
0   4.48055893e+01   9.99938845e-01
0   4.52092433e+01   9.99938845e-01
0   4.56128973e+01   1.00000000e+00
0   4.60165512e+01   1.00000000e+00
0   4.64202052e+01   1.00000000e+00
0   4.68238591e+01   1.00000000e+00
0   4.72275131e+01   1.00000000e+00
0   4.76311670e+01   1.00000000e+00
0   4.80348210e+01   1.00000000e+00
