0   0.00000000e+00   0.00000000e+00
0   4.03675714e-01   1.71220861e-03
0   8.07351429e-01   1.71220861e-03
0   1.21102714e+00   1.71220861e-03
0   1.61470286e+00   1.71220861e-03
0   2.01837857e+00   1.71220861e-03
0   2.42205429e+00   1.79220524e-02
0   2.82573000e+00   1.79220524e-02
0   3.22940571e+00   3.29951020e-02
0   3.63308143e+00   3.29951020e-02
0   4.03675714e+00   3.29951020e-02
0   4.44043286e+00   4.79558755e-02
0   4.84410857e+00   7.58003172e-02
0   5.24778429e+00   7.58003172e-02
0   5.65146000e+00   7.58003172e-02
0   6.05513571e+00   8.86559162e-02
0   6.45881143e+00   1.02395689e-01
0   6.86248714e+00   1.27980576e-01
0   7.26616286e+00   1.27980576e-01
0   7.66983857e+00   1.28261266e-01
0   8.07351429e+00   1.51600634e-01
0   8.47719000e+00   1.51600634e-01
0   8.88086571e+00   1.87444739e-01
0   9.28454143e+00   1.98293405e-01
0   9.68821714e+00   2.19822323e-01
0   1.00918929e+01   2.19822323e-01
0   1.04955686e+01   2.19822323e-01
0   1.08992443e+01   2.71230685e-01
0   1.13029200e+01   2.71960479e-01
0   1.17065957e+01   2.91398257e-01
0   1.21102714e+01   3.00408404e-01
0   1.25139471e+01   3.18260284e-01
0   1.29176229e+01   3.28337052e-01
0   1.33212986e+01   3.47143278e-01
0   1.37249743e+01   3.80755898e-01
0   1.41286500e+01   3.80755898e-01
0   1.45323257e+01   3.96685052e-01
0   1.49360014e+01   4.02649713e-01
0   1.53396771e+01   4.29413498e-01
0   1.57433529e+01   4.59180666e-01
0   1.61470286e+01   4.59180666e-01
0   1.65507043e+01   4.73187094e-01
0   1.69543800e+01   4.86281279e-01
0   1.73580557e+01   5.21507866e-01
0   1.77617314e+01   5.35037121e-01
0   1.81654071e+01   5.40875472e-01
0   1.85690829e+01   5.64804289e-01
0   1.89727586e+01   5.64804289e-01
0   1.93764343e+01   5.95946837e-01
0   1.97801100e+01   6.18177480e-01
0   2.01837857e+01   6.28380559e-01
0   2.05874614e+01   6.39369570e-01
0   2.09911371e+01   6.41825607e-01
0   2.13948129e+01   6.68898152e-01
0   2.17984886e+01   6.90258656e-01
0   2.22021643e+01   6.99282837e-01
0   2.26058400e+01   7.08714019e-01
0   2.30095157e+01   7.25218587e-01
0   2.34131914e+01   7.33330526e-01
0   2.38168671e+01   7.47519403e-01
0   2.42205429e+01   7.67378216e-01
0   2.46242186e+01   7.82310920e-01
0   2.50278943e+01   7.96387521e-01
0   2.54315700e+01   7.96387521e-01
0   2.58352457e+01   8.20470717e-01
0   2.62389214e+01   8.33410523e-01
0   2.66425971e+01   8.39726047e-01
0   2.70462729e+01   8.51248368e-01
0   2.74499486e+01   8.59360308e-01
0   2.78536243e+01   8.78166533e-01
0   2.82573000e+01   8.83345263e-01
0   2.86609757e+01   8.92734341e-01
0   2.90646514e+01   9.06263596e-01
0   2.94683271e+01   9.06263596e-01
0   2.98720029e+01   9.15891261e-01
0   3.02756786e+01   9.25476822e-01
0   3.06793543e+01   9.36100936e-01
0   3.10830300e+01   9.42514701e-01
0   3.14867057e+01   9.43637461e-01
0   3.18903814e+01   9.51693262e-01
0   3.22940571e+01   9.59285925e-01
0   3.26977329e+01   9.66106690e-01
0   3.31014086e+01   9.66499656e-01
0   3.35050843e+01   9.73741457e-01
0   3.39087600e+01   9.77418495e-01
0   3.43124357e+01   9.77418495e-01
0   3.47161114e+01   9.81123602e-01
0   3.51197871e+01   9.84688364e-01
0   3.55234629e+01   9.87130366e-01
0   3.59271386e+01   9.87298780e-01
0   3.63308143e+01   9.90007438e-01
0   3.67344900e+01   9.92140682e-01
0   3.71381657e+01   9.92140682e-01
0   3.75418414e+01   9.92926614e-01
0   3.79455171e+01   9.94273925e-01
0   3.83491929e+01   9.95396685e-01
0   3.87528686e+01   9.96070341e-01
0   3.91565443e+01   9.96070341e-01
0   3.95602200e+01   9.97473791e-01
0   3.99638957e+01   9.98035170e-01
0   4.03675714e+01   9.98035170e-01
0   4.07712471e+01   9.98596550e-01
0   4.11749229e+01   9.99157930e-01
0   4.15785986e+01   9.99157930e-01
0   4.19822743e+01   9.99157930e-01
0   4.23859500e+01   9.99719310e-01
0   4.27896257e+01   9.99719310e-01
0   4.31933014e+01   9.99719310e-01
0   4.35969771e+01   9.99719310e-01
0   4.40006529e+01   9.99943862e-01
0   4.44043286e+01   9.99943862e-01
0   4.48080043e+01   9.99943862e-01
0   4.52116800e+01   9.99943862e-01
0   4.56153557e+01   1.00000000e+00
0   4.60190314e+01   1.00000000e+00
0   4.64227071e+01   1.00000000e+00
0   4.68263829e+01   1.00000000e+00
0   4.72300586e+01   1.00000000e+00
0   4.76337343e+01   1.00000000e+00
0   4.80374100e+01   1.00000000e+00
