1.388889e+01   0.00000000e+00   0.00000000e+00
1.388889e+01   4.03675714e-01   9.40311285e-04
1.388889e+01   8.07351429e-01   3.71914165e-03
1.388889e+01   1.21102714e+00   7.17162786e-03
1.388889e+01   1.61470286e+00   1.13539079e-02
1.388889e+01   2.01837857e+00   1.59852918e-02
1.388889e+01   2.42205429e+00   2.17955735e-02
1.388889e+01   2.82573000e+00   2.74935792e-02
1.388889e+01   3.22940571e+00   3.39354132e-02
1.388889e+01   3.63308143e+00   4.15421105e-02
1.388889e+01   4.03675714e+00   4.96400152e-02
1.388889e+01   4.44043286e+00   5.81729892e-02
1.388889e+01   4.84410857e+00   6.79269645e-02
1.388889e+01   5.24778429e+00   7.76809397e-02
1.388889e+01   5.65146000e+00   8.80383984e-02
1.388889e+01   6.05513571e+00   9.77081667e-02
1.388889e+01   6.45881143e+00   1.08234039e-01
1.388889e+01   6.86248714e+00   1.18226601e-01
1.388889e+01   7.26616286e+00   1.28991060e-01
1.388889e+01   7.66983857e+00   1.40064278e-01
1.388889e+01   8.07351429e+00   1.50337530e-01
1.388889e+01   8.47719000e+00   1.61382679e-01
1.388889e+01   8.88086571e+00   1.72540104e-01
1.388889e+01   9.28454143e+00   1.83472977e-01
1.388889e+01   9.68821714e+00   1.94223401e-01
1.388889e+01   1.00918929e+01   2.05114171e-01
1.388889e+01   1.04955686e+01   2.15836526e-01
1.388889e+01   1.08992443e+01   2.26783434e-01
1.388889e+01   1.13029200e+01   2.37856652e-01
1.388889e+01   1.17065957e+01   2.49603525e-01
1.388889e+01   1.21102714e+01   2.61013571e-01
1.388889e+01   1.25139471e+01   2.72774480e-01
1.388889e+01   1.29176229e+01   2.84437147e-01
1.388889e+01   1.33212986e+01   2.95692813e-01
1.388889e+01   1.37249743e+01   3.07692308e-01
1.388889e+01   1.41286500e+01   3.19116388e-01
1.388889e+01   1.45323257e+01   3.30540468e-01
1.388889e+01   1.49360014e+01   3.42427687e-01
1.388889e+01   1.53396771e+01   3.54749975e-01
1.388889e+01   1.57433529e+01   3.66721401e-01
1.388889e+01   1.61470286e+01   3.79240172e-01
1.388889e+01   1.65507043e+01   3.91071253e-01
1.388889e+01   1.69543800e+01   4.03281265e-01
1.388889e+01   1.73580557e+01   4.15126381e-01
1.388889e+01   1.77617314e+01   4.26901323e-01
1.388889e+01   1.81654071e+01   4.39013094e-01
1.388889e+01   1.85690829e+01   4.51616072e-01
1.388889e+01   1.89727586e+01   4.63208567e-01
1.388889e+01   1.93764343e+01   4.75123854e-01
1.388889e+01   1.97801100e+01   4.87895247e-01
1.388889e+01   2.01837857e+01   5.00035086e-01
1.388889e+01   2.05874614e+01   5.12357374e-01
1.388889e+01   2.09911371e+01   5.23977938e-01
1.388889e+01   2.13948129e+01   5.36019536e-01
1.388889e+01   2.17984886e+01   5.48061134e-01
1.388889e+01   2.22021643e+01   5.59934319e-01
1.388889e+01   2.26058400e+01   5.71947848e-01
1.388889e+01   2.30095157e+01   5.83596480e-01
1.388889e+01   2.34131914e+01   5.94332870e-01
1.388889e+01   2.38168671e+01   6.06093779e-01
1.388889e+01   2.42205429e+01   6.16998583e-01
1.388889e+01   2.46242186e+01   6.28156007e-01
1.388889e+01   2.50278943e+01   6.39453777e-01
1.388889e+01   2.54315700e+01   6.50863823e-01
1.388889e+01   2.58352457e+01   6.61670386e-01
1.388889e+01   2.62389214e+01   6.73024294e-01
1.388889e+01   2.66425971e+01   6.84771168e-01
1.388889e+01   2.70462729e+01   6.96279455e-01
1.388889e+01   2.74499486e+01   7.06496569e-01
1.388889e+01   2.78536243e+01   7.17569787e-01
1.388889e+01   2.82573000e+01   7.28053556e-01
1.388889e+01   2.86609757e+01   7.38663635e-01
1.388889e+01   2.90646514e+01   7.49596508e-01
1.388889e+01   2.94683271e+01   7.59743449e-01
1.388889e+01   2.98720029e+01   7.69904425e-01
1.388889e+01   3.02756786e+01   7.80275918e-01
1.388889e+01   3.06793543e+01   7.90128135e-01
1.388889e+01   3.10830300e+01   7.99811938e-01
1.388889e+01   3.14867057e+01   8.09201016e-01
1.388889e+01   3.18903814e+01   8.18702370e-01
1.388889e+01   3.22940571e+01   8.27937069e-01
1.388889e+01   3.26977329e+01   8.36736699e-01
1.388889e+01   3.31014086e+01   8.45199500e-01
1.388889e+01   3.35050843e+01   8.53985095e-01
1.388889e+01   3.39087600e+01   8.61998793e-01
1.388889e+01   3.43124357e+01   8.69675663e-01
1.388889e+01   3.47161114e+01   8.77478843e-01
1.388889e+01   3.51197871e+01   8.85155713e-01
1.388889e+01   3.55234629e+01   8.93071169e-01
1.388889e+01   3.59271386e+01   9.00804177e-01
1.388889e+01   3.63308143e+01   9.07905632e-01
1.388889e+01   3.67344900e+01   9.14993053e-01
1.388889e+01   3.71381657e+01   9.21715577e-01
1.388889e+01   3.75418414e+01   9.28424066e-01
1.388889e+01   3.79455171e+01   9.35090452e-01
1.388889e+01   3.83491929e+01   9.41125286e-01
1.388889e+01   3.87528686e+01   9.47174154e-01
1.388889e+01   3.91565443e+01   9.52787953e-01
1.388889e+01   3.95602200e+01   9.58205269e-01
1.388889e+01   3.99638957e+01   9.63468205e-01
1.388889e+01   4.03675714e+01   9.68113623e-01
1.388889e+01   4.07712471e+01   9.72464317e-01
1.388889e+01   4.11749229e+01   9.76590459e-01
1.388889e+01   4.15785986e+01   9.80071015e-01
1.388889e+01   4.19822743e+01   9.83186673e-01
1.388889e+01   4.23859500e+01   9.85825158e-01
1.388889e+01   4.27896257e+01   9.88239092e-01
1.388889e+01   4.31933014e+01   9.90442508e-01
1.388889e+01   4.35969771e+01   9.92224889e-01
1.388889e+01   4.40006529e+01   9.93796752e-01
1.388889e+01   4.44043286e+01   9.95073892e-01
1.388889e+01   4.48080043e+01   9.96140513e-01
1.388889e+01   4.52116800e+01   9.97263273e-01
1.388889e+01   4.56153557e+01   9.97936929e-01
1.388889e+01   4.60190314e+01   9.98624619e-01
1.388889e+01   4.64227071e+01   9.98989516e-01
1.388889e+01   4.68263829e+01   9.99368448e-01
1.388889e+01   4.72300586e+01   9.99536862e-01
1.388889e+01   4.76337343e+01   9.99705276e-01
1.388889e+01   4.80374100e+01   9.99845621e-01
