0   0.00000000e+00   0.00000000e+00
0   4.03688143e-01   1.95061855e-03
0   8.07376286e-01   1.95061855e-03
0   1.21106443e+00   1.95061855e-03
0   1.61475257e+00   1.95061855e-03
0   2.01844071e+00   1.95061855e-03
0   2.42212886e+00   1.68369180e-02
0   2.82581700e+00   1.68369180e-02
0   3.22950514e+00   3.06366887e-02
0   3.63319329e+00   3.06366887e-02
0   4.03688143e+00   3.06366887e-02
0   4.44056957e+00   4.43252400e-02
0   4.84425771e+00   6.97003918e-02
0   5.24794586e+00   6.97003918e-02
0   5.65163400e+00   6.97003918e-02
0   6.05532214e+00   7.99496946e-02
0   6.45901029e+00   9.39633489e-02
0   6.86269843e+00   1.17387882e-01
0   7.26638657e+00   1.17387882e-01
0   7.67007471e+00   1.21793885e-01
0   8.07376286e+00   1.38921684e-01
0   8.47745100e+00   1.39298120e-01
0   8.88113914e+00   1.72090755e-01
0   9.28482729e+00   1.82040621e-01
0   9.68851543e+00   2.01889020e-01
0   1.00922036e+01   2.01889020e-01
0   1.04958917e+01   2.01889020e-01
0   1.08995799e+01   2.47668669e-01
0   1.13032680e+01   2.50825591e-01
0   1.17069561e+01   2.69134028e-01
0   1.21106443e+01   2.76662731e-01
0   1.25143324e+01   2.94320962e-01
0   1.29180206e+01   3.05451466e-01
0   1.33217087e+01   3.22545044e-01
0   1.37253969e+01   3.54422258e-01
0   1.41290850e+01   3.55021132e-01
0   1.45327731e+01   3.70566193e-01
0   1.49364613e+01   3.75673733e-01
0   1.53401494e+01   4.05343668e-01
0   1.57438376e+01   4.32387112e-01
0   1.61475257e+01   4.32523998e-01
0   1.65512139e+01   4.46366545e-01
0   1.69549020e+01   4.59695772e-01
0   1.73585901e+01   4.94943791e-01
0   1.77622783e+01   5.08358572e-01
0   1.81659664e+01   5.14757969e-01
0   1.85696546e+01   5.38866930e-01
0   1.89733427e+01   5.38918262e-01
0   1.93770309e+01   5.69409510e-01
0   1.97807190e+01   5.92697158e-01
0   2.01844071e+01   6.03203121e-01
0   2.05880953e+01   6.14222405e-01
0   2.09917834e+01   6.17122667e-01
0   2.13954716e+01   6.44431326e-01
0   2.17991597e+01   6.65212258e-01
0   2.22028479e+01   6.75179234e-01
0   2.26065360e+01   6.85146211e-01
0   2.30102241e+01   7.01127594e-01
0   2.34139123e+01   7.10418699e-01
0   2.38176004e+01   7.26511302e-01
0   2.42212886e+01   7.45059289e-01
0   2.46249767e+01   7.60655682e-01
0   2.50286649e+01   7.75045771e-01
0   2.54323530e+01   7.75233989e-01
0   2.58360411e+01   8.00343925e-01
0   2.62397293e+01   8.14177917e-01
0   2.66434174e+01   8.20714200e-01
0   2.70471056e+01   8.32897011e-01
0   2.74507937e+01   8.41777458e-01
0   2.78544819e+01   8.61240867e-01
0   2.82581700e+01   8.67477713e-01
0   2.86618581e+01   8.77812570e-01
0   2.90655463e+01   8.92099995e-01
0   2.94692344e+01   8.92493541e-01
0   2.98729226e+01   9.02896840e-01
0   3.02766107e+01   9.14027343e-01
0   3.06802989e+01   9.25636945e-01
0   3.10839870e+01   9.32849101e-01
0   3.14876751e+01   9.34440395e-01
0   3.18913633e+01   9.43363619e-01
0   3.22950514e+01   9.51696525e-01
0   3.26987396e+01   9.59721438e-01
0   3.31024277e+01   9.60063652e-01
0   3.35061159e+01   9.68550554e-01
0   3.39098040e+01   9.72845336e-01
0   3.43134921e+01   9.72845336e-01
0   3.47171803e+01   9.77259894e-01
0   3.51208684e+01   9.81434902e-01
0   3.55245566e+01   9.84300943e-01
0   3.59282447e+01   9.84583269e-01
0   3.63319329e+01   9.87842855e-01
0   3.67356210e+01   9.90418014e-01
0   3.71393091e+01   9.90418014e-01
0   3.75429973e+01   9.91376213e-01
0   3.79466854e+01   9.93018839e-01
0   3.83503736e+01   9.94387694e-01
0   3.87540617e+01   9.95209007e-01
0   3.91577499e+01   9.95209007e-01
0   3.95614380e+01   9.96920076e-01
0   3.99651261e+01   9.97604504e-01
0   4.03688143e+01   9.97604504e-01
0   4.07725024e+01   9.98323152e-01
0   4.11761906e+01   9.98973359e-01
0   4.15798787e+01   9.98973359e-01
0   4.19835669e+01   9.98973359e-01
0   4.23872550e+01   9.99657786e-01
0   4.27909431e+01   9.99657786e-01
0   4.31946313e+01   9.99657786e-01
0   4.35983194e+01   9.99657786e-01
0   4.40020076e+01   9.99931557e-01
0   4.44056957e+01   9.99931557e-01
0   4.48093839e+01   9.99931557e-01
0   4.52130720e+01   9.99931557e-01
0   4.56167601e+01   1.00000000e+00
0   4.60204483e+01   1.00000000e+00
0   4.64241364e+01   1.00000000e+00
0   4.68278246e+01   1.00000000e+00
0   4.72315127e+01   1.00000000e+00
0   4.76352009e+01   1.00000000e+00
0   4.80388890e+01   1.00000000e+00
