0   0.00000000e+00   0.00000000e+00
0   4.03568017e-01   1.95694716e-03
0   8.07136034e-01   1.95694716e-03
0   1.21070405e+00   1.95694716e-03
0   1.61427207e+00   1.95694716e-03
0   2.01784008e+00   1.95694716e-03
0   2.42140810e+00   1.66340509e-02
0   2.82497612e+00   1.66340509e-02
0   3.22854413e+00   3.03938356e-02
0   3.63211215e+00   3.03938356e-02
0   4.03568017e+00   3.03938356e-02
0   4.43924818e+00   4.40924658e-02
0   4.84281620e+00   6.97238870e-02
0   5.24638422e+00   6.97773973e-02
0   5.64995224e+00   6.97773973e-02
0   6.05352025e+00   7.97303082e-02
0   6.45708827e+00   9.41704379e-02
0   6.86065629e+00   1.18334149e-01
0   7.26422430e+00   1.18334149e-01
0   7.66779232e+00   1.22370352e-01
0   8.07136034e+00   1.40594423e-01
0   8.47492835e+00   1.41121881e-01
0   8.87849637e+00   1.73946612e-01
0   9.28206439e+00   1.84686888e-01
0   9.68563240e+00   2.05234834e-01
0   1.00892004e+01   2.05234834e-01
0   1.04927684e+01   2.05234834e-01
0   1.08963365e+01   2.51704684e-01
0   1.12999045e+01   2.55259295e-01
0   1.17034725e+01   2.74094912e-01
0   1.21070405e+01   2.81272933e-01
0   1.25106085e+01   2.99451137e-01
0   1.29141765e+01   3.11192820e-01
0   1.33177446e+01   3.28522505e-01
0   1.37213126e+01   3.60200587e-01
0   1.41248806e+01   3.61790607e-01
0   1.45284486e+01   3.77690802e-01
0   1.49320166e+01   3.82032779e-01
0   1.53355846e+01   4.12977006e-01
0   1.57391527e+01   4.40496575e-01
0   1.61427207e+01   4.40832926e-01
0   1.65462887e+01   4.54860262e-01
0   1.69498567e+01   4.68360139e-01
0   1.73534247e+01   5.03975049e-01
0   1.77569927e+01   5.17673679e-01
0   1.81605608e+01   5.23850294e-01
0   1.85641288e+01   5.48617906e-01
0   1.89676968e+01   5.48755504e-01
0   1.93712648e+01   5.79470401e-01
0   1.97748328e+01   6.02892613e-01
0   2.01784008e+01   6.13502935e-01
0   2.05819689e+01   6.24938845e-01
0   2.09855369e+01   6.27415607e-01
0   2.13891049e+01   6.55126284e-01
0   2.17926729e+01   6.76507461e-01
0   2.21962409e+01   6.86758500e-01
0   2.25998089e+01   6.96833721e-01
0   2.30033770e+01   7.13253730e-01
0   2.34069450e+01   7.22312255e-01
0   2.38105130e+01   7.37914322e-01
0   2.42140810e+01   7.56780516e-01
0   2.46176490e+01   7.72504892e-01
0   2.50212170e+01   7.87036754e-01
0   2.54247851e+01   7.87181996e-01
0   2.58283531e+01   8.11857877e-01
0   2.62319211e+01   8.25464775e-01
0   2.66354891e+01   8.31824853e-01
0   2.70390571e+01   8.43818799e-01
0   2.74426251e+01   8.52678571e-01
0   2.78461932e+01   8.71422456e-01
0   2.82497612e+01   8.77140411e-01
0   2.86533292e+01   8.87093322e-01
0   2.90568972e+01   9.00921906e-01
0   2.94604652e+01   9.01235323e-01
0   2.98640332e+01   9.10515533e-01
0   3.02676013e+01   9.21187011e-01
0   3.06711693e+01   9.32057241e-01
0   3.10747373e+01   9.38738381e-01
0   3.14783053e+01   9.39365215e-01
0   3.18818733e+01   9.48568982e-01
0   3.22854413e+01   9.55983977e-01
0   3.26890094e+01   9.63490705e-01
0   3.30925774e+01   9.63490705e-01
0   3.34961454e+01   9.71624266e-01
0   3.38997134e+01   9.75538160e-01
0   3.43032814e+01   9.75538160e-01
0   3.47068494e+01   9.79062194e-01
0   3.51104175e+01   9.83365949e-01
0   3.55139855e+01   9.85796844e-01
0   3.59175535e+01   9.86179061e-01
0   3.63211215e+01   9.88739909e-01
0   3.67246895e+01   9.91430712e-01
0   3.71282575e+01   9.91438356e-01
0   3.75318256e+01   9.92294521e-01
0   3.79353936e+01   9.93762231e-01
0   3.83389616e+01   9.94985323e-01
0   3.87425296e+01   9.95719178e-01
0   3.91460976e+01   9.95719178e-01
0   3.95496656e+01   9.97248043e-01
0   3.99532337e+01   9.97859589e-01
0   4.03568017e+01   9.97859589e-01
0   4.07603697e+01   9.98287671e-01
0   4.11639377e+01   9.99082681e-01
0   4.15675057e+01   9.99082681e-01
0   4.19710737e+01   9.99082681e-01
0   4.23746418e+01   9.99694227e-01
0   4.27782098e+01   9.99694227e-01
0   4.31817778e+01   9.99694227e-01
0   4.35853458e+01   9.99694227e-01
0   4.39889138e+01   9.99938845e-01
0   4.43924818e+01   9.99938845e-01
0   4.47960499e+01   9.99938845e-01
0   4.51996179e+01   9.99938845e-01
0   4.56031859e+01   1.00000000e+00
0   4.60067539e+01   1.00000000e+00
0   4.64103219e+01   1.00000000e+00
0   4.68138899e+01   1.00000000e+00
0   4.72174580e+01   1.00000000e+00
0   4.76210260e+01   1.00000000e+00
0   4.80245940e+01   1.00000000e+00
