1.388889e+01   0.00000000e+00   0.00000000e+00
1.388889e+01   4.03568017e-01   4.89236791e-04
1.388889e+01   8.07136034e-01   2.04867906e-03
1.388889e+01   1.21070405e+00   4.91530088e-03
1.388889e+01   1.61427207e+00   8.59986546e-03
1.388889e+01   2.01784008e+00   1.34769447e-02
1.388889e+01   2.42140810e+00   1.90037916e-02
1.388889e+01   2.82497612e+00   2.57995964e-02
1.388889e+01   3.22854413e+00   3.28323752e-02
1.388889e+01   3.63211215e+00   4.06448752e-02
1.388889e+01   4.03568017e+00   4.90842099e-02
1.388889e+01   4.43924818e+00   5.76534980e-02
1.388889e+01   4.84281620e+00   6.73082803e-02
1.388889e+01   5.24638422e+00   7.68178205e-02
1.388889e+01   5.64995224e+00   8.72676125e-02
1.388889e+01   6.05352025e+00   9.72663894e-02
1.388889e+01   6.45708827e+00   1.08419459e-01
1.388889e+01   6.86065629e+00   1.19320267e-01
1.388889e+01   7.26422430e+00   1.30121698e-01
1.388889e+01   7.66779232e+00   1.41534675e-01
1.388889e+01   8.07136034e+00   1.53864971e-01
1.388889e+01   8.47492835e+00   1.65453767e-01
1.388889e+01   8.87849637e+00   1.77631177e-01
1.388889e+01   9.28206439e+00   1.90450709e-01
1.388889e+01   9.68563240e+00   2.02773361e-01
1.388889e+01   1.00892004e+01   2.15524095e-01
1.388889e+01   1.04927684e+01   2.27930834e-01
1.388889e+01   1.08963365e+01   2.40834455e-01
1.388889e+01   1.12999045e+01   2.54020915e-01
1.388889e+01   1.17034725e+01   2.67398483e-01
1.388889e+01   1.21070405e+01   2.80837206e-01
1.388889e+01   1.25106085e+01   2.94260641e-01
1.388889e+01   1.29141765e+01   3.07676431e-01
1.388889e+01   1.33177446e+01   3.21604391e-01
1.388889e+01   1.37213126e+01   3.36067454e-01
1.388889e+01   1.41248806e+01   3.49674352e-01
1.388889e+01   1.45284486e+01   3.63625245e-01
1.388889e+01   1.49320166e+01   3.77813112e-01
1.388889e+01   1.53355846e+01   3.91802226e-01
1.388889e+01   1.57391527e+01   4.05951871e-01
1.388889e+01   1.61427207e+01   4.20040362e-01
1.388889e+01   1.65462887e+01   4.34281739e-01
1.388889e+01   1.69498567e+01   4.48874755e-01
1.388889e+01   1.73534247e+01   4.62825648e-01
1.388889e+01   1.77569927e+01   4.76730675e-01
1.388889e+01   1.81605608e+01   4.90650991e-01
1.388889e+01   1.85641288e+01   5.04907657e-01
1.388889e+01   1.89676968e+01   5.18835616e-01
1.388889e+01   1.93712648e+01   5.32732999e-01
1.388889e+01   1.97748328e+01   5.46615093e-01
1.388889e+01   2.01784008e+01   5.60611852e-01
1.388889e+01   2.05819689e+01   5.74455724e-01
1.388889e+01   2.09855369e+01   5.89079318e-01
1.388889e+01   2.13891049e+01   6.02372798e-01
1.388889e+01   2.17926729e+01   6.15933831e-01
1.388889e+01   2.21962409e+01   6.29097358e-01
1.388889e+01   2.25998089e+01   6.42857143e-01
1.388889e+01   2.30033770e+01   6.55493212e-01
1.388889e+01   2.34069450e+01   6.68113992e-01
1.388889e+01   2.38105130e+01   6.80994680e-01
1.388889e+01   2.42140810e+01   6.93539017e-01
1.388889e+01   2.46176490e+01   7.06022199e-01
1.388889e+01   2.50212170e+01   7.18230186e-01
1.388889e+01   2.54247851e+01   7.30598704e-01
1.388889e+01   2.58283531e+01   7.42355675e-01
1.388889e+01   2.62319211e+01   7.53982693e-01
1.388889e+01   2.66354891e+01   7.65777886e-01
1.388889e+01   2.70390571e+01   7.77106776e-01
1.388889e+01   2.74426251e+01   7.88275135e-01
1.388889e+01   2.78461932e+01   7.99435849e-01
1.388889e+01   2.82497612e+01   8.10550697e-01
1.388889e+01   2.86533292e+01   8.21428571e-01
1.388889e+01   2.90568972e+01   8.32145915e-01
1.388889e+01   2.94604652e+01   8.42901480e-01
1.388889e+01   2.98640332e+01   8.53557669e-01
1.388889e+01   3.02676013e+01   8.64297945e-01
1.388889e+01   3.06711693e+01   8.74021526e-01
1.388889e+01   3.10747373e+01   8.84463674e-01
1.388889e+01   3.14783053e+01   8.94080235e-01
1.388889e+01   3.18818733e+01   9.02718322e-01
1.388889e+01   3.22854413e+01   9.12059687e-01
1.388889e+01   3.26890094e+01   9.20659552e-01
1.388889e+01   3.30925774e+01   9.29014799e-01
1.388889e+01   3.34961454e+01   9.37224804e-01
1.388889e+01   3.38997134e+01   9.44785042e-01
1.388889e+01   3.43032814e+01   9.52039506e-01
1.388889e+01   3.47068494e+01   9.58460739e-01
1.388889e+01   3.51104175e+01   9.64667931e-01
1.388889e+01   3.55139855e+01   9.70194777e-01
1.388889e+01   3.59175535e+01   9.75178877e-01
1.388889e+01   3.63211215e+01   9.79528498e-01
1.388889e+01   3.67246895e+01   9.83442392e-01
1.388889e+01   3.71282575e+01   9.86698875e-01
1.388889e+01   3.75318256e+01   9.89458476e-01
1.388889e+01   3.79353936e+01   9.91675330e-01
1.388889e+01   3.83389616e+01   9.93578767e-01
1.388889e+01   3.87425296e+01   9.95092343e-01
1.388889e+01   3.91460976e+01   9.96330724e-01
1.388889e+01   3.95496656e+01   9.97423863e-01
1.388889e+01   3.99532337e+01   9.98104207e-01
1.388889e+01   4.03568017e+01   9.98692820e-01
1.388889e+01   4.07603697e+01   9.99105614e-01
1.388889e+01   4.11639377e+01   9.99365521e-01
1.388889e+01   4.15675057e+01   9.99594851e-01
1.388889e+01   4.19710737e+01   9.99755382e-01
1.388889e+01   4.23746418e+01   9.99824181e-01
1.388889e+01   4.27782098e+01   9.99908268e-01
1.388889e+01   4.31817778e+01   9.99946490e-01
1.388889e+01   4.35853458e+01   9.99961778e-01
1.388889e+01   4.39889138e+01   9.99984711e-01
1.388889e+01   4.43924818e+01   9.99992356e-01
1.388889e+01   4.47960499e+01   1.00000000e+00
1.388889e+01   4.51996179e+01   1.00000000e+00
1.388889e+01   4.56031859e+01   1.00000000e+00
1.388889e+01   4.60067539e+01   1.00000000e+00
1.388889e+01   4.64103219e+01   1.00000000e+00
1.388889e+01   4.68138899e+01   1.00000000e+00
1.388889e+01   4.72174580e+01   1.00000000e+00
1.388889e+01   4.76210260e+01   1.00000000e+00
1.388889e+01   4.80245940e+01   1.00000000e+00
