1.388889e+01   0.00000000e+00   0.00000000e+00
1.388889e+01   4.03425580e-01   2.59907045e-04
1.388889e+01   8.06851160e-01   1.02433953e-03
1.388889e+01   1.21027674e+00   2.55320450e-03
1.388889e+01   1.61370232e+00   5.02232143e-03
1.388889e+01   2.01712790e+00   8.23293787e-03
1.388889e+01   2.42055348e+00   1.33393469e-02
1.388889e+01   2.82397906e+00   1.85298434e-02
1.388889e+01   3.22740464e+00   2.47599682e-02
1.388889e+01   3.63083022e+00   3.08983611e-02
1.388889e+01   4.03425580e+00   3.76865215e-02
1.388889e+01   4.43768138e+00   4.52926248e-02
1.388889e+01   4.84110696e+00   5.40071551e-02
1.388889e+01   5.24453254e+00   6.32491438e-02
1.388889e+01   5.64795812e+00   7.23382461e-02
1.388889e+01   6.05138370e+00   8.24822652e-02
1.388889e+01   6.45480928e+00   9.30696551e-02
1.388889e+01   6.85823486e+00   1.04390900e-01
1.388889e+01   7.26166044e+00   1.16178449e-01
1.388889e+01   7.66508602e+00   1.28478168e-01
1.388889e+01   8.06851160e+00   1.41014861e-01
1.388889e+01   8.47193718e+00   1.53780883e-01
1.388889e+01   8.87536276e+00   1.66890900e-01
1.388889e+01   9.27878834e+00   1.80383134e-01
1.388889e+01   9.68221392e+00   1.94257583e-01
1.388889e+01   1.00856395e+01   2.08453094e-01
1.388889e+01   1.04890651e+01   2.23344239e-01
1.388889e+01   1.08924907e+01   2.38006054e-01
1.388889e+01   1.12959162e+01   2.53302348e-01
1.388889e+01   1.16993418e+01   2.68048251e-01
1.388889e+01   1.21027674e+01   2.83650318e-01
1.388889e+01   1.25061930e+01   3.00085616e-01
1.388889e+01   1.29096186e+01   3.15855859e-01
1.388889e+01   1.33130441e+01   3.31649034e-01
1.388889e+01   1.37164697e+01   3.47885580e-01
1.388889e+01   1.41198953e+01   3.64542564e-01
1.388889e+01   1.45233209e+01   3.80786754e-01
1.388889e+01   1.49267465e+01   3.97298496e-01
1.388889e+01   1.53301720e+01   4.14299474e-01
1.388889e+01   1.57335976e+01   4.30536020e-01
1.388889e+01   1.61370232e+01   4.47269447e-01
1.388889e+01   1.65404488e+01   4.63941720e-01
1.388889e+01   1.69438744e+01   4.81049719e-01
1.388889e+01   1.73472999e+01   4.97477373e-01
1.388889e+01   1.77507255e+01   5.14134357e-01
1.388889e+01   1.81541511e+01   5.30424413e-01
1.388889e+01   1.85575767e+01   5.46920866e-01
1.388889e+01   1.89610023e+01   5.63501407e-01
1.388889e+01   1.93644278e+01   5.79485690e-01
1.388889e+01   1.97678534e+01   5.95554061e-01
1.388889e+01   2.01712790e+01   6.10880932e-01
1.388889e+01   2.05747046e+01   6.26414200e-01
1.388889e+01   2.09781302e+01   6.41985690e-01
1.388889e+01   2.13815557e+01   6.57603045e-01
1.388889e+01   2.17849813e+01   6.72738809e-01
1.388889e+01   2.21884069e+01   6.87821062e-01
1.388889e+01   2.25918325e+01   7.01794887e-01
1.388889e+01   2.29952581e+01   7.15447652e-01
1.388889e+01   2.33986836e+01   7.30445817e-01
1.388889e+01   2.38021092e+01   7.44434932e-01
1.388889e+01   2.42055348e+01   7.57896588e-01
1.388889e+01   2.46089604e+01   7.70700832e-01
1.388889e+01   2.50123859e+01   7.83642674e-01
1.388889e+01   2.54158115e+01   7.96255810e-01
1.388889e+01   2.58192371e+01   8.08693126e-01
1.388889e+01   2.62226627e+01   8.21222175e-01
1.388889e+01   2.66260883e+01   8.32818615e-01
1.388889e+01   2.70295138e+01   8.43413650e-01
1.388889e+01   2.74329394e+01   8.53894019e-01
1.388889e+01   2.78363650e+01   8.65001223e-01
1.388889e+01   2.82397906e+01   8.75198752e-01
1.388889e+01   2.86432162e+01   8.84746514e-01
1.388889e+01   2.90466417e+01   8.93644508e-01
1.388889e+01   2.94500673e+01   9.01686338e-01
1.388889e+01   2.98534929e+01   9.09988075e-01
1.388889e+01   3.02569185e+01   9.18580296e-01
1.388889e+01   3.06603441e+01   9.26323997e-01
1.388889e+01   3.10637696e+01   9.33081580e-01
1.388889e+01   3.14671952e+01   9.39021221e-01
1.388889e+01   3.18706208e+01   9.45373655e-01
1.388889e+01   3.22740464e+01   9.51412671e-01
1.388889e+01   3.26774720e+01   9.56977740e-01
1.388889e+01   3.30808975e+01   9.61426737e-01
1.388889e+01   3.34843231e+01   9.66173863e-01
1.388889e+01   3.38877487e+01   9.70301798e-01
1.388889e+01   3.42911743e+01   9.73413038e-01
1.388889e+01   3.46945999e+01   9.76768897e-01
1.388889e+01   3.50980254e+01   9.79841915e-01
1.388889e+01   3.55014510e+01   9.82494496e-01
1.388889e+01   3.59048766e+01   9.84382644e-01
1.388889e+01   3.63083022e+01   9.86737096e-01
1.388889e+01   3.67117278e+01   9.88762842e-01
1.388889e+01   3.71151533e+01   9.90054733e-01
1.388889e+01   3.75185789e+01   9.91499511e-01
1.388889e+01   3.79220045e+01   9.92898422e-01
1.388889e+01   3.83254301e+01   9.93968628e-01
1.388889e+01   3.87288557e+01   9.94855369e-01
1.388889e+01   3.91322812e+01   9.95451627e-01
1.388889e+01   3.95357068e+01   9.96491255e-01
1.388889e+01   3.99391324e+01   9.97163955e-01
1.388889e+01   4.03425580e+01   9.97477373e-01
1.388889e+01   4.07459836e+01   9.97981898e-01
1.388889e+01   4.11494091e+01   9.98501712e-01
1.388889e+01   4.15528347e+01   9.98792197e-01
1.388889e+01   4.19562603e+01   9.98929795e-01
1.388889e+01   4.23596859e+01   9.99312011e-01
1.388889e+01   4.27631115e+01   9.99464897e-01
1.388889e+01   4.31665370e+01   9.99579562e-01
1.388889e+01   4.35699626e+01   9.99648361e-01
1.388889e+01   4.39733882e+01   9.99824181e-01
1.388889e+01   4.43768138e+01   9.99862402e-01
1.388889e+01   4.47802394e+01   9.99892979e-01
1.388889e+01   4.51836649e+01   9.99931201e-01
1.388889e+01   4.55870905e+01   9.99977067e-01
1.388889e+01   4.59905161e+01   9.99984711e-01
1.388889e+01   4.63939417e+01   9.99984711e-01
1.388889e+01   4.67973673e+01   9.99992356e-01
1.388889e+01   4.72007928e+01   1.00000000e+00
1.388889e+01   4.76042184e+01   1.00000000e+00
1.388889e+01   4.80076440e+01   1.00000000e+00
