1.388889e+01   0.00000000e+00   0.00000000e+00
1.388889e+01   4.03653958e-01   7.79721135e-04
1.388889e+01   8.07307916e-01   3.53932241e-03
1.388889e+01   1.21096187e+00   8.08769569e-03
1.388889e+01   1.61461583e+00   1.33240582e-02
1.388889e+01   2.01826979e+00   1.90878792e-02
1.388889e+01   2.42192375e+00   2.60059932e-02
1.388889e+01   2.82557771e+00   3.32681018e-02
1.388889e+01   3.22923166e+00   4.15469056e-02
1.388889e+01   3.63288562e+00   4.97110445e-02
1.388889e+01   4.03653958e+00   5.91441414e-02
1.388889e+01   4.44019354e+00   6.87071918e-02
1.388889e+01   4.84384750e+00   7.85072162e-02
1.388889e+01   5.24750145e+00   8.85977250e-02
1.388889e+01   5.65115541e+00   9.88716977e-02
1.388889e+01   6.05480937e+00   1.09115093e-01
1.388889e+01   6.45846333e+00   1.19656617e-01
1.388889e+01   6.86211729e+00   1.30610934e-01
1.388889e+01   7.26577124e+00   1.41274768e-01
1.388889e+01   7.66942520e+00   1.52167931e-01
1.388889e+01   8.07307916e+00   1.63924902e-01
1.388889e+01   8.47673312e+00   1.74871575e-01
1.388889e+01   8.88038708e+00   1.86078156e-01
1.388889e+01   9.28404103e+00   1.97880993e-01
1.388889e+01   9.68769499e+00   2.10012537e-01
1.388889e+01   1.00913489e+01   2.21524890e-01
1.388889e+01   1.04950029e+01   2.33320083e-01
1.388889e+01   1.08986569e+01   2.44855369e-01
1.388889e+01   1.13023108e+01   2.57040423e-01
1.388889e+01   1.17059648e+01   2.69110812e-01
1.388889e+01   1.21096187e+01   2.81326443e-01
1.388889e+01   1.25132727e+01   2.92976394e-01
1.388889e+01   1.29169267e+01   3.04947407e-01
1.388889e+01   1.33205806e+01   3.16268652e-01
1.388889e+01   1.37242346e+01   3.28163222e-01
1.388889e+01   1.41278885e+01   3.40164812e-01
1.388889e+01   1.45315425e+01   3.51944716e-01
1.388889e+01   1.49351964e+01   3.64213858e-01
1.388889e+01   1.53388504e+01   3.76612953e-01
1.388889e+01   1.57425044e+01   3.88713919e-01
1.388889e+01   1.61461583e+01   4.01594606e-01
1.388889e+01   1.65498123e+01   4.14070144e-01
1.388889e+01   1.69534662e+01   4.27034919e-01
1.388889e+01   1.73571202e+01   4.40336045e-01
1.388889e+01   1.77607742e+01   4.53453706e-01
1.388889e+01   1.81644281e+01   4.66663099e-01
1.388889e+01   1.85680821e+01   4.79834271e-01
1.388889e+01   1.89717360e+01   4.94052715e-01
1.388889e+01   1.93753900e+01   5.07751345e-01
1.388889e+01   1.97790439e+01   5.21488197e-01
1.388889e+01   2.01826979e+01   5.33749694e-01
1.388889e+01   2.05863519e+01   5.46286387e-01
1.388889e+01   2.09900058e+01   5.58333843e-01
1.388889e+01   2.13936598e+01   5.69846196e-01
1.388889e+01   2.17973137e+01   5.81205663e-01
1.388889e+01   2.22009677e+01   5.92496331e-01
1.388889e+01   2.26046216e+01   6.03588246e-01
1.388889e+01   2.30082756e+01   6.14466120e-01
1.388889e+01   2.34119296e+01   6.25359283e-01
1.388889e+01   2.38155835e+01   6.36107204e-01
1.388889e+01   2.42192375e+01   6.46434687e-01
1.388889e+01   2.46228914e+01   6.56387598e-01
1.388889e+01   2.50265454e+01   6.66111179e-01
1.388889e+01   2.54301994e+01   6.76155822e-01
1.388889e+01   2.58338533e+01   6.86552104e-01
1.388889e+01   2.62375073e+01   6.96497370e-01
1.388889e+01   2.66411612e+01   7.07015961e-01
1.388889e+01   2.70448152e+01   7.16579012e-01
1.388889e+01   2.74484691e+01   7.26333170e-01
1.388889e+01   2.78521231e+01   7.36538344e-01
1.388889e+01   2.82557771e+01   7.46391879e-01
1.388889e+01   2.86594310e+01   7.56084883e-01
1.388889e+01   2.90630850e+01   7.65739665e-01
1.388889e+01   2.94667389e+01   7.75876040e-01
1.388889e+01   2.98703929e+01   7.85484956e-01
1.388889e+01   3.02740468e+01   7.94872187e-01
1.388889e+01   3.06777008e+01   8.04488748e-01
1.388889e+01   3.10813548e+01   8.13608427e-01
1.388889e+01   3.14850087e+01   8.23010947e-01
1.388889e+01   3.18886627e+01   8.31756054e-01
1.388889e+01   3.22923166e+01   8.40875734e-01
1.388889e+01   3.26959706e+01   8.49659063e-01
1.388889e+01   3.30996246e+01   8.58220707e-01
1.388889e+01   3.35032785e+01   8.66797639e-01
1.388889e+01   3.39069325e+01   8.75045866e-01
1.388889e+01   3.43105864e+01   8.83492845e-01
1.388889e+01   3.47142404e+01   8.91764004e-01
1.388889e+01   3.51178943e+01   9.00279782e-01
1.388889e+01   3.55215483e+01   9.08505076e-01
1.388889e+01   3.59252023e+01   9.16936766e-01
1.388889e+01   3.63288562e+01   9.24909797e-01
1.388889e+01   3.67325102e+01   9.32668787e-01
1.388889e+01   3.71361641e+01   9.40137292e-01
1.388889e+01   3.75398181e+01   9.47063050e-01
1.388889e+01   3.79434721e+01   9.54118762e-01
1.388889e+01   3.83471260e+01   9.60196000e-01
1.388889e+01   3.87507800e+01   9.65944533e-01
1.388889e+01   3.91544339e+01   9.71043297e-01
1.388889e+01   3.95580879e+01   9.75897444e-01
1.388889e+01   3.99617418e+01   9.80117111e-01
1.388889e+01   4.03653958e+01   9.84107449e-01
1.388889e+01   4.07690498e+01   9.87470952e-01
1.388889e+01   4.11727037e+01   9.90559259e-01
1.388889e+01   4.15763577e+01   9.92737891e-01
1.388889e+01   4.19800116e+01   9.94763637e-01
1.388889e+01   4.23836656e+01   9.96238992e-01
1.388889e+01   4.27873195e+01   9.97416218e-01
1.388889e+01   4.31909735e+01   9.98318249e-01
1.388889e+01   4.35946275e+01   9.98891573e-01
1.388889e+01   4.39982814e+01   9.99350232e-01
1.388889e+01   4.44019354e+01   9.99625428e-01
1.388889e+01   4.48055893e+01   9.99854758e-01
1.388889e+01   4.52092433e+01   9.99954134e-01
1.388889e+01   4.56128973e+01   9.99992356e-01
1.388889e+01   4.60165512e+01   1.00000000e+00
1.388889e+01   4.64202052e+01   1.00000000e+00
1.388889e+01   4.68238591e+01   1.00000000e+00
1.388889e+01   4.72275131e+01   1.00000000e+00
1.388889e+01   4.76311670e+01   1.00000000e+00
1.388889e+01   4.80348210e+01   1.00000000e+00
