1.388889e+01   0.00000000e+00   0.00000000e+00
1.388889e+01   4.03688143e-01   9.23977209e-04
1.388889e+01   8.07376286e-01   3.60180004e-03
1.388889e+01   1.21106443e+00   6.85283096e-03
1.388889e+01   1.61475257e+00   1.13101655e-02
1.388889e+01   2.01844071e+00   1.71962425e-02
1.388889e+01   2.42212886e+00   2.39891860e-02
1.388889e+01   2.82581700e+00   3.19371011e-02
1.388889e+01   3.22950514e+00   4.01416765e-02
1.388889e+01   3.63319329e+00   4.83548072e-02
1.388889e+01   4.03688143e+00   5.68331537e-02
1.388889e+01   4.44056957e+00   6.53029447e-02
1.388889e+01   4.84425771e+00   7.47480451e-02
1.388889e+01   5.24794586e+00   8.43556970e-02
1.388889e+01   5.65163400e+00   9.33045874e-02
1.388889e+01   6.05532214e+00   1.01902709e-01
1.388889e+01   6.45901029e+00   1.10997040e-01
1.388889e+01   6.86269843e+00   1.21058125e-01
1.388889e+01   7.26638657e+00   1.30845439e-01
1.388889e+01   7.67007471e+00   1.40470202e-01
1.388889e+01   8.07376286e+00   1.50206184e-01
1.388889e+01   8.47745100e+00   1.60301490e-01
1.388889e+01   8.88113914e+00   1.70200024e-01
1.388889e+01   9.28482729e+00   1.79944561e-01
1.388889e+01   9.68851543e+00   1.89603545e-01
1.388889e+01   1.00922036e+01   1.99724518e-01
1.388889e+01   1.04958917e+01   2.10085040e-01
1.388889e+01   1.08995799e+01   2.19915131e-01
1.388889e+01   1.13032680e+01   2.30155878e-01
1.388889e+01   1.17069561e+01   2.40482179e-01
1.388889e+01   1.21106443e+01   2.51048030e-01
1.388889e+01   1.25143324e+01   2.61288777e-01
1.388889e+01   1.29180206e+01   2.71657855e-01
1.388889e+01   1.33217087e+01   2.82805469e-01
1.388889e+01   1.37253969e+01   2.94269630e-01
1.388889e+01   1.41290850e+01   3.05075030e-01
1.388889e+01   1.45327731e+01   3.16231200e-01
1.388889e+01   1.49364613e+01   3.26925380e-01
1.388889e+01   1.53401494e+01   3.38132882e-01
1.388889e+01   1.57438376e+01   3.49733929e-01
1.388889e+01   1.61475257e+01   3.61488972e-01
1.388889e+01   1.65512139e+01   3.73055798e-01
1.388889e+01   1.69549020e+01   3.84716733e-01
1.388889e+01   1.73585901e+01   3.95932789e-01
1.388889e+01   1.77622783e+01   4.06934962e-01
1.388889e+01   1.81659664e+01   4.18647229e-01
1.388889e+01   1.85696546e+01   4.30359496e-01
1.388889e+01   1.89733427e+01   4.42088873e-01
1.388889e+01   1.93770309e+01   4.53441815e-01
1.388889e+01   1.97807190e+01   4.65119860e-01
1.388889e+01   2.01844071e+01   4.76943347e-01
1.388889e+01   2.05880953e+01   4.88501617e-01
1.388889e+01   2.09917834e+01   4.99683452e-01
1.388889e+01   2.13954716e+01   5.11267389e-01
1.388889e+01   2.17991597e+01   5.23022432e-01
1.388889e+01   2.22028479e+01   5.34999914e-01
1.388889e+01   2.26065360e+01   5.46720736e-01
1.388889e+01   2.30102241e+01   5.58415892e-01
1.388889e+01   2.34139123e+01   5.69922831e-01
1.388889e+01   2.38176004e+01   5.81660763e-01
1.388889e+01   2.42212886e+01   5.93886351e-01
1.388889e+01   2.46249767e+01   6.05889499e-01
1.388889e+01   2.50286649e+01   6.18115086e-01
1.388889e+01   2.54323530e+01   6.29476584e-01
1.388889e+01   2.58360411e+01   6.40461646e-01
1.388889e+01   2.62397293e+01   6.51677703e-01
1.388889e+01   2.66434174e+01   6.63133309e-01
1.388889e+01   2.70471056e+01   6.73741937e-01
1.388889e+01   2.74507937e+01   6.83914241e-01
1.388889e+01   2.78544819e+01   6.94154989e-01
1.388889e+01   2.82581700e+01   7.04113410e-01
1.388889e+01   2.86618581e+01   7.14585151e-01
1.388889e+01   2.90655463e+01   7.24937118e-01
1.388889e+01   2.94692344e+01   7.34955427e-01
1.388889e+01   2.98729226e+01   7.44708519e-01
1.388889e+01   3.02766107e+01   7.54324727e-01
1.388889e+01   3.06802989e+01   7.63632941e-01
1.388889e+01   3.10839870e+01   7.73599918e-01
1.388889e+01   3.14876751e+01   7.83447119e-01
1.388889e+01   3.18913633e+01   7.92883664e-01
1.388889e+01   3.22950514e+01   8.02166213e-01
1.388889e+01   3.26987396e+01   8.10841333e-01
1.388889e+01   3.31024277e+01   8.19867221e-01
1.388889e+01   3.35061159e+01   8.29543316e-01
1.388889e+01   3.39098040e+01   8.38671868e-01
1.388889e+01   3.43134921e+01   8.47680646e-01
1.388889e+01   3.47171803e+01   8.56595315e-01
1.388889e+01   3.51208684e+01   8.65535650e-01
1.388889e+01   3.55245566e+01   8.74715535e-01
1.388889e+01   3.59282447e+01   8.83176771e-01
1.388889e+01   3.63319329e+01   8.92065773e-01
1.388889e+01   3.67356210e+01   9.01177215e-01
1.388889e+01   3.71393091e+01   9.09433123e-01
1.388889e+01   3.75429973e+01   9.17526479e-01
1.388889e+01   3.79466854e+01   9.25431617e-01
1.388889e+01   3.83503736e+01   9.33182759e-01
1.388889e+01   3.87540617e+01   9.40523245e-01
1.388889e+01   3.91577499e+01   9.48009171e-01
1.388889e+01   3.95614380e+01   9.54998888e-01
1.388889e+01   3.99651261e+01   9.61338398e-01
1.388889e+01   4.03688143e+01   9.66865151e-01
1.388889e+01   4.07725024e+01   9.72186575e-01
1.388889e+01   4.11761906e+01   9.76909125e-01
1.388889e+01   4.15798787e+01   9.81203908e-01
1.388889e+01   4.19835669e+01   9.84711599e-01
1.388889e+01   4.23872550e+01   9.87859966e-01
1.388889e+01   4.27909431e+01   9.90443680e-01
1.388889e+01   4.31946313e+01   9.92685180e-01
1.388889e+01   4.35983194e+01   9.94533135e-01
1.388889e+01   4.40020076e+01   9.95842103e-01
1.388889e+01   4.44056957e+01   9.96997074e-01
1.388889e+01   4.48093839e+01   9.97903941e-01
1.388889e+01   4.52130720e+01   9.98614034e-01
1.388889e+01   4.56167601e+01   9.99127355e-01
1.388889e+01   4.60204483e+01   9.99469569e-01
1.388889e+01   4.64241364e+01   9.99717674e-01
1.388889e+01   4.68278246e+01   9.99888781e-01
1.388889e+01   4.72315127e+01   9.99965779e-01
1.388889e+01   4.76352009e+01   9.99991445e-01
1.388889e+01   4.80388890e+01   1.00000000e+00
